0.	4.
0.01	3.998800609959987
0.02	3.9952097574249286
0.03	3.9892493803944054
0.04	3.980955991515756
0.05	3.9703805968774764
0.06	3.957588572228448
0.07	3.9426594871406686
0.08	3.9256868657664796
0.09	3.906777871559872
0.1	3.88605290271485
0.11	3.8636450851753446
0.12	3.83969965091476
0.13	3.814373190762498
0.14	3.787832773332677
0.15	3.7602549245217856
0.16	3.731824465493635
0.17	3.7027332109470796
0.18	3.6731785336286924
0.19	3.6433618053606316
0.2	3.6134867291460875
0.21000000000000002	3.5837575810306013
0.22	3.5543773841818744
0.23	3.5255460409557093
0.24	3.4974584514104734
0.25	3.470302648704668
0.26	3.4442579829747175
0.27	3.4194933855830376
0.28	3.3961657450199
0.29000000000000004	3.3744184242382547
0.3	3.3543799468305924
0.31	3.336162876284102
0.32	3.3198629086654363
0.33	3.3055581946040142
0.34	3.293308901498928
0.35	3.2831570216203803
0.36	3.2751264263730206
0.37	3.2692231616016274
0.38	3.2654359736133394
0.39	3.2637370507215273
0.4	3.2640829607287154
0.41000000000000003	3.2664157609858595
0.42000000000000004	3.2706642545965705
0.43	3.2767453640567963
0.44	3.284565592183631
0.45	3.2940225396130947
0.46	3.30500644842827
0.47000000000000003	3.3174017425797198
0.48	3.331088537616321
0.49	3.345944094769755
0.5	3.3618441975223243
0.51	3.378664432312126
0.52	3.3962813588583183
0.53	3.414573559580804
0.54	3.4334225616039746
0.55	3.452713628735707
0.56	3.472336424475098
0.5700000000000001	3.4921855504123025
0.5800000000000001	3.512160967246868
0.5900000000000001	3.532168307993225
0.6	3.5521190947122276
0.61	3.571930871279365
0.62	3.5915272652707895
0.63	3.6108379920387184
0.64	3.6297988135013695
0.65	3.6483514631516014
0.66	3.66644354737187
0.67	3.6840284314224285
0.68	3.7010651165436537
0.6900000000000001	3.7175181125868773
0.7000000000000001	3.7333573085623324
0.71	3.748557841567613
0.72	3.763099962823253
0.73	3.7769688980711424
0.74	3.7901546984485193
0.75	3.802652077178106
0.76	3.814460227040443
0.77	3.82558261362219
0.78	3.8360267397517247
0.79	3.845803877309052
0.8	3.85492876368372
0.81	3.8634192614913316
0.8200000000000001	3.8712959816741
0.8300000000000001	3.8785818717264
0.8400000000000001	3.885301772419391
0.8500000000000001	3.8914819479687415
0.86	3.8971495960192204
0.87	3.9023323450391003
0.88	3.9070577476682242
0.89	3.9113527791993237
0.9	3.915243350663707
0.91	3.9187538459240585
0.92	3.921906691753274
0.93	3.9247219691164243
0.9400000000000001	3.9272170728089755
0.9500000000000001	3.929406425285579
0.9600000000000001	3.9313012489999255
0.97	3.932909399934891
0.98	3.934235263306438
0.99	3.935279710748964
1.	3.9360401167067454
1.01	3.936510430333289
1.02	3.9366812979968424
1.03	3.936540230553304
1.04	3.936071808912692
1.05	3.9352579211104874
1.06	3.9340780241042803
1.07	3.932509423836553
1.08	3.930527567707509
1.09	3.9281063444448368
1.1	3.9252183873856907
1.11	3.921835378335447
1.12	3.9179283503660347
1.1300000000000001	3.913467989091415
1.1400000000000001	3.9084249330333063
1.1500000000000001	3.9027700745989686
1.1600000000000001	3.8964748638711804
1.17	3.8895116178092195
1.18	3.881853837539723
1.19	3.873476536158164
1.2	3.864356578859901
1.21	3.8544730362895425
1.22	3.8438075507711513
1.23	3.832344713608047
1.24	3.8200724499865713
1.25	3.806982406259388
1.26	3.79307033261018
1.27	3.778336452406143
1.28	3.762785808024975
1.29	3.7464285716920482
1.3	3.7292803089702202
1.31	3.711362182085561
1.32	3.692701080309708
1.33	3.673329665198465
1.34	3.653286319629622
1.35	3.6326149912926446
1.36	3.611364923534622
1.37	3.589590269215096
1.3800000000000001	3.567349586395938
1.3900000000000001	3.5447052182002814
1.4000000000000001	3.5217225629067705
1.4100000000000001	3.4984692441764214
1.42	3.475014195104345
1.43	3.451426673404999
1.44	3.427775228336559
1.45	3.4041266428093855
1.46	3.380544876379573
1.47	3.357090036389689
1.48	3.3338174052946377
1.49	3.310776552134775
1.5	3.2880105551527183
1.51	3.265555360686611
1.52	3.2434393007336606
1.53	3.221682788019276
1.54	3.200298203113381
1.5499999999999998	3.179289983220764
1.56	3.1586549168754336
1.57	3.1383826430487165
1.58	3.118456347313246
1.59	3.0988536418741397
1.6	3.079547610673746
1.61	3.0605079955822294
1.62	3.041702495079497
1.6300000000000001	3.0230981429741295
1.6400000000000001	3.0046627317310124
1.6500000000000001	2.9863662430024953
1.6600000000000001	2.968182247059194
1.6700000000000002	2.9500892330413624
1.6800000000000002	2.932071833311187
1.69	2.9141219076517624
1.7	2.896239456566943
1.71	2.8784333373886177
1.72	2.8607217621633847
1.73	2.8431325622116344
1.74	2.8257032106475415
1.75	2.8084806008218597
1.76	2.791520585393607
1.77	2.7748872873427075
1.78	2.7586522004972833
1.79	2.7428931028728396
1.8	2.7276928111300762
1.81	2.7131378085993028
1.82	2.699316782470308
1.83	2.686319107814767
1.84	2.674233317038924
1.85	2.6631455931403627
1.86	2.65313832378368
1.87	2.6442887507731716
1.8800000000000001	2.6366677460790484
1.8900000000000001	2.6303387412887433
1.9000000000000001	2.6253568323583036
1.9100000000000001	2.6217680760005173
1.9200000000000002	2.619608988153865
1.9300000000000002	2.618906248924011
1.94	2.6196766123753044
1.95	2.6219270137647843
1.96	2.625654861437358
1.97	2.6308484958001097
1.98	2.637487793707785
1.99	2.645544893332432
2.	2.6549850122413
2.01	2.665767330017492
2.02	2.6778459063435625
2.03	2.6911706060106684
2.04	2.705688003765502
2.05	2.7213422441827415
2.06	2.7380758347463656
2.07	2.755830353910992
2.08	2.774547059948194
2.09	2.7941673907082105
2.1	2.8146333488823068
2.11	2.8358877717753908
2.12	2.8578744888388075
2.13	2.8805383741273722
2.14	2.9038253043081603
2.15	2.927682035756325
2.16	2.9520560165464014
2.17	2.9768951507303507
2.18	3.0021475331609015
2.19	3.0277611732699556
2.2	3.053683725674226
2.21	3.079862244305343
2.2199999999999998	3.1062429750221936
2.23	3.1327711994500005
2.2399999999999998	3.1593911402086023
2.25	3.1860459348556827
2.26	3.212677682897315
2.27	3.2392275672274558
2.28	3.265636048461862
2.29	3.2918431279357776
2.3	3.317788672728941
2.31	3.343412794041524
2.32	3.368656268627199
2.33	3.39346099183115
2.34	3.4177704500987525
2.35	3.4415302006097743
2.36	3.4646883459309796
2.37	3.4871959922265505
2.38	3.5090076805656842
2.39	3.5300817821530552
2.4	3.5503808498061575
2.41	3.5698719196347413
2.42	3.588526758560754
2.43	3.6063220549771606
2.44	3.6232395514088993
2.45	3.639266119449023
2.46	3.654393778449302
2.47	3.6686196604111556
2.48	3.6819459242309076
2.49	3.694379622897875
2.5	3.7059325274354826
2.5100000000000002	3.716620911338243
2.52	3.7264652990287046
2.5300000000000002	3.735490181483982
2.54	3.743723701715174
2.5500000000000003	3.7511973122826276
2.56	3.7579454065539393
2.57	3.7640049250152665
2.5799999999999996	3.7694149376808608
2.59	3.7742162035512115
2.5999999999999996	3.7784507081783176
2.61	3.78216118072417
2.6199999999999997	3.785390592449299
2.63	3.7881816393307104
2.6399999999999997	3.7905762124566076
2.65	3.792614860939098
2.6599999999999997	3.794336253274193
2.67	3.7957766442985554
2.6799999999999997	3.79696935607626
2.69	3.7979442821227787
2.6999999999999997	3.7987274252660357
2.71	3.7993404800830803
2.7199999999999998	3.799800471175419
2.73	3.80011945850117
2.7399999999999998	3.8003043205289373
2.75	3.800356625092906
2.76	3.8002725965039197
2.77	3.800043185719873
2.78	3.7996542482326037
2.79	3.799086831837202
2.8	3.7983175736816
2.81	3.79731920303316
2.82	3.7960611431395046
2.83	3.794510202509933
2.84	3.792631343010586
2.85	3.7903885094636602
2.86	3.787745503075758
2.87	3.7846668790946323
2.88	3.7811188476934
2.89	3.7770701562808853
2.9	3.772492931287961
2.91	3.767363458012518
2.92	3.7616628783289343
2.93	3.7553777879600094
2.94	3.748500717530452
2.95	3.741030484700187
2.96	3.7329724082260305
2.97	3.724338378710781
2.98	3.715146784944974
2.99	3.705422298992583
3.	3.69519552737356
3.0100000000000002	3.684502539709728
3.02	3.673384289884627
3.0300000000000002	3.6618859479916788
3.04	3.650056163989385
3.0500000000000003	3.6379462859509
3.06	3.6256095570094744
3.0700000000000003	3.6131003155129364
3.08	3.6004732224858778
3.0900000000000003	3.5877825392653877
3.1	3.5750814761612344
3.1100000000000003	3.562421630259034
3.12	3.5498525271263373
3.1300000000000003	3.537421277311494
3.14	3.5251723542764832
3.1500000000000004	3.5131474959271127
3.16	3.501385727353317
3.17	3.4899234979314726
3.1799999999999997	3.4787949217272915
3.19	3.468032106323578
3.1999999999999997	3.4576655519191632
3.21	3.4477245999218122
3.2199999999999998	3.438237908384537
3.23	3.429233930580132
3.2399999999999998	3.4207413728118885
3.25	3.4127896082288722
3.26	3.405409024927703
3.27	3.398631288927512
3.28	3.3924895056193147
3.29	3.3870182669063604
3.3	3.382253575342357
3.31	3.3782326409910404
3.32	3.374993551318992
3.33	3.3725748190287614
3.34	3.371014817180091
3.35	3.3703511150762537
3.36	3.370619732064931
3.37	3.3718543294937313
3.38	3.3740853634594696
3.39	3.37733922262272
3.4	3.3816373761683973
3.41	3.3869955569606005
3.42	3.3934230040730897
3.43	3.4009217872142
3.44	3.4094862331752633
3.45	3.419102471405587
3.46	3.42974811227084
3.47	3.4413920676165928
3.48	3.4539945190793144
3.49	3.467507035313274
3.5	3.4818728350877315
3.5100000000000002	3.497027189197812
3.52	3.512897950466138
3.5300000000000002	3.529406197906594
3.54	3.5464669784841782
3.5500000000000003	3.5639901279079336
3.56	3.5818811505956365
3.5700000000000003	3.600042138369881
3.58	3.6183727075831014
3.5900000000000003	3.636770935195414
3.6	3.6551342757830034
3.6100000000000003	3.6733604434598686
3.62	3.691348245149962
3.6300000000000003	3.708998354436668
3.64	3.726214018215193
3.65	3.7429016914507987
3.6599999999999997	3.7589715983708336
3.67	3.774338221265478
3.6799999999999997	3.788920720625793
3.69	3.802643292509285
3.6999999999999997	3.815435470709591
3.71	3.827232382460684
3.7199999999999998	3.83797496699229
3.73	3.847610166261724
3.7399999999999998	3.8560910966348247
3.75	3.8633772092171794
3.76	3.869434445007963
3.77	3.874235389148078
3.78	3.8777594263602455
3.79	3.8799928973445064
3.8	3.88092925351516
3.81	3.8805692051680802
3.82	3.8789208560650628
3.83	3.875999815628504
3.84	3.871829278546611
3.85	3.866440060682476
3.86	3.85987057981362
3.87	3.852166769942772
3.88	3.8433819187245932
3.89	3.8335764189340624
3.9	3.8228174268222928
3.91	3.811178422600007
3.92	3.798738671076516
3.93	3.7855825835595915
3.94	3.7717989853725626
3.95	3.757480296646162
3.96	3.742721637261588
3.97	3.727619869830346
3.98	3.7122725972706965
3.99	3.6967771337697797
4.	3.68122946960316