0.	4.
0.01	3.9892443662490753
0.02	3.95750958472615
0.03	3.9063884034436813
0.04	3.8385143794128753
0.05	3.757502270392605
0.06	3.667819527520911
0.07	3.5745661407936513
0.08	3.4831573825662554
0.09	3.3989277106947955
0.1	3.32669750181756
0.11	3.270360438075838
0.12	3.2325531756149926
0.13	3.2144586623606415
0.14	3.2157723085009815
0.15	3.2348315477944767
0.16	3.2688812231863236
0.17	3.314426381933216
0.18	3.3676149453179454
0.19	3.424596433641997
0.2	3.481817113645224
0.21	3.536231670044513
0.22	3.585430920197329
0.23	3.627699174317013
0.24	3.6620208340767118
0.25	3.688053829515974
0.26	3.7060801633907383
0.27	3.7169352268310925
0.28	3.7219116524827536
0.29	3.7226328116606897
0.3	3.7208959248471762
0.31	3.718493200364579
0.32	3.717028078551565
0.33	3.717749021530134
0.34	3.7214229817187423
0.35	3.728264350816061
0.36	3.7379246358613036
0.37	3.7495366545607554
0.38	3.7617983546377673
0.39	3.7730781323733185
0.4	3.781526480343565
0.41000000000000003	3.7851863911825756
0.42000000000000004	3.7821038747638793
0.43	3.770446293716206
0.44	3.7486368876651275
0.45	3.715507764177487
0.46	3.6704622844009274
0.47	3.6136249161547096
0.48	3.5459471340184887
0.49	3.469236189064823
0.5	3.3860818683498337
0.51	3.299673984446764
0.52	3.2135264349355332
0.53	3.131146240264401
0.54	3.055701530278782
0.55	2.9897460230560178
0.56	2.935047246288738
0.5700000000000001	2.8925435603450182
0.5800000000000001	2.862426380850246
0.5900000000000001	2.844316309820569
0.6000000000000001	2.8374825329361846
0.61	2.841048986473163
0.62	2.854139873258909
0.63	2.875938366714928
0.64	2.905659630235702
0.65	2.942464803085313
0.66	2.9853591867470977
0.67	3.033121012545964
0.68	3.0842963373261925
0.6900000000000001	3.1372743010477966
0.7	3.1904316469592593
0.71	3.2423135263084104
0.72	3.291805475118719
0.73	3.3382523615035327
0.74	3.3814934925634983
0.75	3.421804793578434
0.76	3.459762635121355
0.77	3.4960627958105754
0.78	3.531337187594822
0.79	3.5660083700428897
0.8	3.6002090440988366
0.81	3.6337749774094457
0.8200000000000001	3.66630087908419
0.8300000000000001	3.697234904158443
0.8400000000000001	3.7259820534314945
0.85	3.751990253662592
0.86	3.774803132590765
0.87	3.794076417552881
0.88	3.809566097932105
0.89	3.8211027022476682
0.9	3.8285660309929797
0.91	3.831869538375244
0.92	3.8309560737874793
0.9299999999999999	3.8258002557976427
0.94	3.816410016881586
0.95	3.802821784457725
0.96	3.785089284530417
0.97	3.7632724115514984
0.98	3.73743679964085
0.99	3.7076741814851966
1.	3.674147628737485
1.01	3.637155825835853
1.02	3.597199959153989
1.03	3.5550296809942497
1.04	3.5116443325532862
1.05	3.4682335989977795
1.06	3.4260567399202118
1.07	3.3862776585915424
1.08	3.3497889927129165
1.0899999999999999	3.317066871993111
1.1	3.2880955376522003
1.1099999999999999	3.2623872431615766
1.1199999999999999	3.2391007417312263
1.13	3.217236911990826
1.14	3.1958695174433247
1.15	3.174358720214799
1.16	3.1524980810811103
1.17	3.130561926077384
1.18	3.109244957506156
1.19	3.0895130447625387
1.2	3.0724057936752533
1.21	3.058841807122006
1.22	3.049473803596766
1.23	3.044624282482907
1.24	3.0443081835250356
1.25	3.048324114825106
1.26	3.0563774005311113
1.27	3.068191546577406
1.28	3.0835713212389897
1.29	3.1023981329917643
1.3	3.124561230191661
1.31	3.149849458186539
1.32	3.177841560896068
1.33	3.207834508556196
1.34	3.23883887623179
1.35	3.2696512565606417
1.36	3.2989918838084584
1.37	3.3256775253368622
1.3800000000000001	3.3487903895362345
1.3900000000000001	3.3678056241246077
1.4	3.382651861284475
1.4100000000000001	3.3936972143898556
1.42	3.4016715831019844
1.43	3.4075497203908123
1.44	3.4124247312153324
1.45	3.4173978003396384
1.46	3.423499148609045
1.47	3.431641667775747
1.48	3.4425971114342238
1.49	3.456978836401782
1.5	3.4752164272178625
1.51	3.497515051532196
1.52	3.5238029397884234
1.53	3.553679873794901
1.54	3.586384423595595
1.55	3.6207960414937705
1.56	3.6554804969238086
1.57	3.688776135879143
1.58	3.7189078774981303
1.59	3.744109357899113
1.6	3.7627333886963745
1.61	3.773336880157459
1.62	3.774736326866635
1.6300000000000001	3.766040167089682
1.6400000000000001	3.746670972240116
1.6500000000000001	3.7163909153108445
1.6600000000000001	3.6753379500665804
1.6700000000000002	3.6240697005906917
1.6800000000000002	3.563601124450569
1.6900000000000002	3.495414994784239
1.7000000000000002	3.421424527199953
1.7100000000000002	3.3438761130054813
1.7200000000000002	3.265195284340485
1.73	3.187796407867938
1.7400000000000002	3.1138906214913478
1.75	3.0453321470299155
1.76	2.983537499948258
1.77	2.929495751640956
1.78	2.8838647649363067
1.79	2.847124538906754
1.8	2.819741429038938
1.81	2.802291578539458
1.82	2.7955007485282497
1.83	2.8001791741292044
1.84	2.817058692389743
1.85	2.846567507410355
1.86	2.8885977800819873
1.87	2.942327073999574
1.8800000000000001	3.006144650036737
1.8900000000000001	3.0777101317172626
1.9000000000000001	3.1541413003479746
1.9100000000000001	3.2322978182266087
1.92	3.309106293290271
1.93	3.3818645811812074
1.94	3.4484709695842453
1.95	3.507544143422369
1.96	3.5584265957586485
1.97	3.601090025645253
1.98	3.6359795890638997
1.99	3.663840559008986
2.	3.685565495237902
2.01	3.7020853813137813
2.02	3.7143096629932306
2.03	3.7231036264253925
2.04	3.7292817866794508
2.05	3.733595088552332
2.06	3.7366969470347478
2.07	3.739085199922447
2.08	3.741029414402283
2.09	3.742501511760553
2.1	3.7431298298865205
2.11	3.742192353187524
2.12	3.7386559267175934
2.13	3.731258184354154
2.14	3.7186210573298832
2.15	3.6993813174415084
2.16	3.672324972044941
2.17	3.6365168780698656
2.1799999999999997	3.591421892099301
2.19	3.5370163956939127
2.2	3.4738874472389702
2.21	3.4033113472634273
2.2199999999999998	3.3272962725979007
2.23	3.2485683174989375
2.24	3.1704802834118806
2.25	3.0968300422677832
2.2600000000000002	3.0315900580665955
2.27	2.978568849373338
2.2800000000000002	2.9410439528738506
2.29	2.921418787363895
2.3000000000000003	2.9209582431522954
2.31	2.9396479082429066
2.3200000000000003	2.9762010253928244
2.33	3.0282101661980594
2.3400000000000003	3.0924138270495005
2.35	3.165028477075568
2.3600000000000003	3.2420889956603536
2.37	3.319746607141549
2.3800000000000003	3.3944911939779043
2.39	3.46328884203718
2.4000000000000004	3.523648564927086
2.41	3.5736477100049666
2.4200000000000004	3.611949309877006
2.43	3.6378360233610936
2.4400000000000004	3.651267557158933
2.45	3.6529476588032948
2.4600000000000004	3.6443699827197276
2.47	3.6278052266753527
2.4800000000000004	3.6061977932730622
2.49	3.582957831912845
2.5	3.5616592215677563
2.5100000000000002	3.545678970814507
2.5200000000000005	3.537831532253911
2.5300000000000002	3.5400574274813628
2.54	3.553217527359639
2.5500000000000003	3.5770243915959066
2.56	3.610115528847432
2.57	3.6502472094942755
2.58	3.6945680608580913
2.59	3.7399233666950655
2.6	3.7831446960741184
2.61	3.821292707474715
2.62	3.8518387724560164
2.63	3.872787707037981
2.64	3.882754665615723
2.65	3.881011815880039
2.66	3.8675153977155747
2.67	3.842914329396003
2.68	3.8085321307504527
2.69	3.766308781176687
2.7	3.7186907098108715
2.71	3.668465397554302
2.72	3.618549568522921
2.73	3.571752600595904
2.74	3.5305453551395525
2.75	3.4968661400444017
2.7600000000000002	3.471989257749556
2.77	3.4564693103140627
2.7800000000000002	3.450159768210197
2.79	3.4522915355857133
2.8	3.4615898597242962
2.81	3.4764075115180497
2.8200000000000003	3.4948578852628134
2.83	3.5149406624030903
2.84	3.5346610961620626
2.85	3.5521483490790575
2.86	3.565776864201568
2.87	3.574288029783201
2.88	3.576900166954265
2.8899999999999997	3.5733871564681023
2.9	3.5641036877916656
2.9099999999999997	3.5499404187540264
2.92	3.5322049688897046
2.9299999999999997	3.5124416386775694
2.94	3.492219162041591
2.9499999999999997	3.4729263735663034
2.96	3.4556164463842123
2.9699999999999998	3.4409301050609735
2.98	3.429109047779745
2.9899999999999998	3.4200877315054967
3.	3.413631208835684
3.01	3.4094749676573235
3.02	3.4074235136249067
3.03	3.4073779695965243
3.04	3.4092856644339236
3.05	3.4130300973707692
3.06	3.4183003111825703
3.07	3.424488272577698
3.08	3.430658102906071
3.09	3.4356127990469445
3.1	3.4380572512561915
3.11	3.4368283312573986
3.12	3.4311415132342256
3.13	3.4207950410997965
3.1399999999999997	3.4062796538712314
3.15	3.388762624904368
3.16	3.3699438737592273
3.17	3.3518114867129873
3.1799999999999997	3.3363464382626464
3.19	3.3252360772179888
3.2	3.3196510662880483
3.21	3.3201229799570733
3.22	3.326534944753713
3.23	3.338212409607526
3.24	3.354081798494729
3.25	3.3728556693750553
3.2600000000000002	3.3932051280041664
3.27	3.413891467737135
3.2800000000000002	3.4338449179584636
3.29	3.4521938602050763
3.3000000000000003	3.468258688074842
3.31	3.4815285002929692
3.3200000000000003	3.4916363649433624
3.33	3.498342354843684
3.3400000000000003	3.5015262641604172
3.35	3.5011868577628924
3.3600000000000003	3.497443240910238
3.37	3.4905361473160315
3.3800000000000003	3.480830703906895
3.39	3.468824907986391
3.4000000000000004	3.45516747339666
3.41	3.440684149545648
3.4200000000000004	3.4264042764114713
3.43	3.413572005263223
3.4400000000000004	3.4036227378396333
3.45	3.398107716865532
3.46	3.3985592992148623
3.47	3.406304740082417
3.4800000000000004	3.422253491778939
3.49	3.446696956453951
3.5	3.479165460781884
3.5100000000000002	3.5183819381225803
3.52	3.5623354179855333
3.53	3.6084732345463184
3.54	3.6539847354955453
3.55	3.6961280456826486
3.56	3.732540984865757
3.57	3.761480681345299
3.58	3.7819531335477974
3.59	3.7937196362367978
3.6	3.7971947771066907
3.61	3.793273212437599
3.62	3.78313379045103
3.63	3.768067198848218
3.64	3.7493585464273074
3.65	3.728234068216072
3.66	3.7058584354464745
3.67	3.68335286811639
3.68	3.6617991796598695
3.69	3.642202289618348
3.7	3.625401018699652
3.71	3.611938509106334
3.72	3.601922497988216
3.73	3.5949158622941417
3.74	3.589895972906447
3.75	3.5853077395422646
3.76	3.5792136298350026
3.77	3.569520578099139
3.7800000000000002	3.55424518291178
3.79	3.531770013429375
3.8	3.5010472772798193
3.81	3.461720086729528
3.82	3.41415165803626
3.83	3.3593730252549574
3.84	3.2989746087163434
3.8499999999999996	3.2349726328032844
3.86	3.169677336284539
3.8699999999999997	3.1055785956390807
3.88	3.045250526372225
3.8899999999999997	2.991264927263237
3.9	2.9460980594250907
3.9099999999999997	2.9120178204362137
3.92	2.8909477085210775
3.9299999999999997	2.8843165979983345
3.94	2.8929147158775566
3.9499999999999997	2.9167822380479604
3.96	2.9551553402764634
3.9699999999999998	3.0064855949819247
3.98	3.0685349331031055
3.9899999999999998	3.138534083128005
4.	3.213381621288679
4.01	3.2898563818791806
4.02	3.364818645321877
4.03	3.4353835672987825
4.04	3.499060388565193
4.05	3.5538592876537445
4.06	3.598371452362808
4.07	3.631826151667237
4.08	3.654122670977479
4.09	3.6658280991001897
4.1	3.6681279168008962
4.109999999999999	3.662718115760038
4.12	3.651636132999501
4.13	3.6370416061799586
4.14	3.6209729829993735
4.1499999999999995	3.6051173986745413
4.16	3.5906345302586784
4.17	3.578067985535586
4.18	3.5673608941059003
4.19	3.5579695638075224
4.2	3.5490463356388853
4.21	3.5396465611578205
4.22	3.5289098881282888
4.23	3.5161746319536142
4.24	3.501003978155953
4.25	3.4831287490823524
4.26	3.462336177773704
4.2700000000000005	3.4383504175382296
4.28	3.41075349559526
4.29	3.3789839665759733
4.3	3.342427672458518
4.3100000000000005	3.300587151412088
4.32	3.253291273698577
4.33	3.2008917862269195
4.34	3.1443929670440776
4.3500000000000005	3.0854748033741037
4.36	3.0263951518797136
4.37	2.96978535754247
4.38	2.9183789285535147
4.390000000000001	2.8747274595798156
4.4	2.840958519065249
4.41	2.818617112013489
4.42	2.8086097596897264
4.43	2.811244746517162
4.44	2.82634063245591
4.45	2.8533630972472794
4.46	2.891549941128416
4.47	2.939994504509942
4.4799999999999995	2.9976748782042364
4.489999999999999	3.0634345501249456
4.5	3.135934315651231
4.51	3.2136018906952173
4.52	3.294603877467698
4.529999999999999	3.3768563240542733
4.54	3.458078629418421
4.55	3.5358849303832613
4.56	3.6079003824643756
4.569999999999999	3.6718880760202297
4.58	3.7258748379212356
4.59	3.768268505507703
4.6	3.7979626725055056
4.609999999999999	3.8144254231819708
4.62	3.8177658412702016
4.63	3.808767570145606
4.64	3.788875156047835
4.6499999999999995	3.760119268006659
4.66	3.724973047641954
4.67	3.6861436897312356
4.68	3.646318495347339
4.6899999999999995	3.607898925063227
4.7	3.572764930450284
4.71	3.542111384972153
4.72	3.5163874548329996
4.7299999999999995	3.4953499815061084
4.74	3.478217935634846
4.75	3.4638929427293155
4.76	3.451196859868058
4.77	3.439075535731429
4.78	3.4267290603253913
4.79	3.4136501606500307
4.8	3.3995780876905766
4.8100000000000005	3.384398167092303
4.82	3.368030670259018
4.83	3.350352966749179
4.84	3.331186019339129
4.8500000000000005	3.3103540230625663
4.86	3.287800978562581
4.87	3.2637276698194797
4.88	3.23870296592397
4.890000000000001	3.213707506290313
4.9	3.1900845615955085
4.91	3.169397411885349
4.92	3.1532179193654963
4.930000000000001	3.1428898983312363
4.94	3.139318140999593
4.95	3.1428277312374138
4.96	3.153120650585202
4.970000000000001	3.169332918500566
4.98	3.190172419248886
4.99	3.214101446924813
5.	3.2395227957882513
5.010000000000001	3.2649344708110735
5.0200000000000005	3.289032922299047
5.03	3.3107628847561132
5.04	3.3293275517720358
5.050000000000001	3.3441812860952065
5.0600000000000005	3.3550262962781736
5.07	3.361825785752367
5.08	3.3648327112916148
5.09	3.3646205123612543
5.1	3.362094656125292
5.109999999999999	3.3584643579373816
5.12	3.3551624004097524
5.13	3.3537148983059084
5.14	3.3555776802269035
5.1499999999999995	3.3619669308984714
5.16	3.373715365841649
5.17	3.3911803592240166
5.18	3.4142186538302814
5.1899999999999995	3.4422271969912526
5.2	3.4742357914046282
5.21	3.5090285394227374
5.22	3.5452695578365345
5.2299999999999995	3.58161377013739
5.24	3.6167931672789644
5.25	3.649678965444316
5.26	3.6793269254787497
5.27	3.7050145127413305
5.28	3.7262745461456848
5.29	3.742922664577603
5.3	3.7550688510322106
5.31	3.763099978674626
5.32	3.7676231438160324
5.33	3.7693684364685804
5.34	3.7690623490956616
5.35	3.767295081471728
5.359999999999999	3.7644120251687236
5.37	3.7604583659777386
5.38	3.75519516778436
5.39	3.74818764688688
5.4	3.738946326291633
5.41	3.7270853310509877
5.42	3.7124546256349213
5.430000000000001	3.6952075490785745
5.44	3.675781168721204
5.45	3.654790792979803
5.46	3.632864948990363
5.470000000000001	3.6104660134635767
5.48	3.5877486710233417
5.49	3.564500857157499
5.5	3.54019131678718
5.510000000000001	3.5141196677761632
5.5200000000000005	3.4856365604261184
5.53	3.454381033552874
5.54	3.4204752996912493
5.550000000000001	3.384626027234975
5.5600000000000005	3.348103460910077
5.57	3.3125994646237125
5.58	3.2799948129801506
5.590000000000001	3.2520870911478266
5.6000000000000005	3.2303380914597444
5.61	3.215692152827445
5.62	3.2084971238453384
5.630000000000001	3.2085334041221274
5.640000000000001	3.2151311194372916
5.65	3.2273375111418936
5.66	3.2440901570406986
5.67	3.264357278673783
5.680000000000001	3.2872213046736736
5.69	3.3119008973399433
5.7	3.3377240208895715
5.71	3.364075671556526
5.72	3.390346345112905
5.7299999999999995	3.4159017746621827
5.74	3.440083878455561
5.75	3.462241329911225
5.76	3.4817795193228136
5.77	3.4982162025005596
5.78	3.5112309589015793
5.79	3.5207018748209755
5.8	3.5267286927541366
5.81	3.529645218650433
5.82	3.530023495700977
5.83	3.528668442916678
5.84	3.5265963782142427
5.85	3.5249871082197095
5.86	3.525099822448108
5.87	3.5281491964513476
5.88	3.5351490628016458
5.89	3.546743825115647
5.9	3.563058264514597
5.91	3.5836003971020753
5.92	3.607247001316992
5.93	3.6323273586679687
5.94	3.656800523633692
5.95	3.6785001563480706
5.96	3.695404503286461
5.97	3.705882400793735
5.98	3.7088715530837644
5.99	3.7039617376948635
6.	3.691378704728307
6.01	3.67188797045902
6.0200000000000005	3.6466548450630913
6.03	3.617103019753757
6.04	3.5848072719508646
6.050000000000001	3.551438535553907
6.0600000000000005	3.5187571395555275
6.07	3.4886294726146723
6.08	3.463031225328515
6.090000000000001	3.4440007566909903
6.1000000000000005	3.4335193384401963
6.11	3.4333174620816287
6.12	3.4446315815122572
6.130000000000001	3.467956159206887
6.140000000000001	3.502845452894496
6.15	3.5478149514549613
6.16	3.6003745704167613
6.170000000000001	3.6571992253882257
6.180000000000001	3.7144141919548535
6.19	3.767950072417468
6.2	3.813910821391921
6.210000000000001	3.848900446149262
6.220000000000001	3.8702681845645626
6.23	3.8762534497018253
6.24	3.866034209790996
6.250000000000001	3.8396996257845277
6.260000000000001	3.7981756518483407
6.2700000000000005	3.7431300232135607
6.28	3.6768729238977746
6.290000000000001	3.6022562267500855
6.300000000000001	3.5225627839424987
6.3100000000000005	3.4413720101632292
6.32	3.3623907625716565
6.33	3.2892482355009154
6.34	3.225266800858206
6.35	3.173232801648103
6.36	3.13519799876257
6.37	3.1123412157457566
6.38	3.1049108095793176
6.39	3.1122544642864867
6.4	3.132927566881903
6.41	3.1648593662696225
6.42	3.205550293364916
6.43	3.2522751175112017
6.44	3.3022735484166335
6.45	3.3529192392679734
6.46	3.4018661419751925
6.47	3.4471748755309917
6.48	3.4874201435814243
6.49	3.521774487494591
6.5	3.5500568155054992
6.51	3.5727299425836545
6.5200000000000005	3.5908328454330056
6.53	3.6058416050385773
6.54	3.6194666961834
6.55	3.6334097762052897
6.5600000000000005	3.64911564704232
6.57	3.667560219529697
6.58	3.689110601191806
6.59	3.713479244441863
6.6	3.739773790047085
6.61	3.7666232792068737
6.62	3.7923457453430176
6.63	3.815116452433512
6.640000000000001	3.83310199755653
6.65	3.8445414063590033
6.66	3.847776379439331
6.670000000000001	3.8412524373573387
6.680000000000001	3.8235245632312513
6.69	3.7933009746251893
6.7	3.749546345684826
6.710000000000001	3.6916444579184446
6.720000000000001	3.6195961453977494
6.73	3.534208918906266
6.74	3.437226143017578
6.750000000000001	3.3313494453714645
6.760000000000001	3.220127434657131
6.7700000000000005	3.107712116735291
6.78	2.998514282893237
6.790000000000001	2.8968126658855486
6.800000000000001	2.806382549510733
6.8100000000000005	2.730204942469223
6.82	2.6702987540629577
6.830000000000001	2.627690753984467
6.840000000000001	2.6025088102273948
6.8500000000000005	2.5941604459952377
6.86	2.6015466462973915
6.870000000000001	2.6232621897391986
6.880000000000001	2.657746902014686
6.890000000000001	2.703372374180776
6.9	2.758469607884486
6.91	2.821318895847271
6.920000000000001	2.890130241150759
6.930000000000001	2.963039975744344
6.94	3.0381391095074957
6.95	3.113535471968659
6.96	3.187439550600445
6.97	3.258256716462041
6.98	3.3246678108912127
6.99	3.3856850228108986
7.	3.4406779485878363
7.01	3.489372310288937
7.0200000000000005	3.531828210149407
7.03	3.5684048096939542
7.04	3.5997147018904982
7.05	3.6265663455582287
7.0600000000000005	3.649889710658949
7.07	3.670641077744561
7.08	3.6896884422697642
7.09	3.7076878259983745
7.1000000000000005	3.7249699012495174
7.11	3.7414618967417517
7.12	3.7566686521339405
7.13	3.769727711234361
7.140000000000001	3.7795378667756525
7.15	3.7849423828803097
7.16	3.7849324156574733
7.17	3.7788279491405907
7.180000000000001	3.7663960768089884
7.19	3.7478799224724866
7.2	3.723932865318307
7.21	3.6954764118839485
7.220000000000001	3.663519444335492
7.23	3.628986020637075
7.24	3.592595449661153
7.25	3.5548227326416617
7.26	3.5159439517481195
7.27	3.476146492872616
7.279999999999999	3.435665266908832
7.29	3.3948988368523003
7.3	3.3544657470222887
7.31	3.3151795652331284
7.319999999999999	3.277945872792001
7.33	3.243608413441406
7.34	3.212787784641457
7.35	3.1857596558937686
7.359999999999999	3.1624094566444656
7.37	3.1422797139135654
7.38	3.124700767207565
7.39	3.1089727775467626
7.3999999999999995	3.094553242015038
7.41	3.0812033385750923
7.42	3.069058289639387
7.43	3.0586078093838474
7.4399999999999995	3.050596382226108
7.45	3.0458728343780375
7.46	3.045229079005055
7.47	3.049266669459347
7.4799999999999995	3.0583180446110356
7.49	3.07243126986418
7.5	3.0914084500650474
7.51	3.1148743758462443
7.52	3.1423470207835926
7.529999999999999	3.173285977634497
7.54	3.2071065821068787
7.55	3.2431620007068096
7.56	3.2807080289747432
7.57	3.3188718331887292
7.58	3.356644652507551
7.59	3.3929104732565474
7.6000000000000005	3.426510987073791
7.61	3.4563358746273156
7.62	3.481420330596534
7.63	3.5010308272354336
7.640000000000001	3.514725188963957
7.65	3.52238180794384
7.66	3.524201769742666
7.67	3.52069339505187
7.680000000000001	3.5126492153658972
7.69	3.5011207718030204
7.7	3.4873890300573187
7.71	3.472921120087348
7.720000000000001	3.4593010385502265
7.73	3.4481250786959308
7.74	3.440862015938175
7.75	3.4386910056843694
7.760000000000001	3.4423425435409705
7.7700000000000005	3.4519751085597123
7.78	3.4671188499354897
7.79	3.4867069362045626
7.800000000000001	3.5091970106087844
7.8100000000000005	3.532764214425015
7.82	3.5555293722521704
7.83	3.575776609825513
7.84	3.5921171078023773
7.8500000000000005	3.6035697590376747
7.86	3.6095516016077345
7.87	3.609794930193094
7.88	3.6042270597088466
7.89	3.59285722319638
7.8999999999999995	3.5757104281753964
7.91	3.552831523694488
7.92	3.524359055117576
7.93	3.4906446986401
7.9399999999999995	3.4523772914801265
7.95	3.4106658285492273
7.96	3.3670448613364896
7.97	3.3233860490017655
7.9799999999999995	3.281725382020089
7.99	3.2440394023045
8.	3.212018715367773
8.01	3.1868889367457056
8.02	3.1693174551594483
8.03	3.159422458844756
8.04	3.156874844019556
8.05	3.161061163868075
8.06	3.1712627840750685
8.07	3.1868060934772346
8.08	3.2071504519967817
8.09	3.2319005806330137
8.1	3.260752208176642
8.11	3.293397626442634
8.12	3.329426628296965
8.129999999999999	3.368256291320246
8.14	3.409111688995216
8.15	3.4510629589741892
8.16	3.4931075536227403
8.17	3.5342747820300247
8.18	3.573725843749195
8.19	3.6108267043059423
8.2	3.6451811057178958
8.209999999999999	3.6766229075872494
8.219999999999999	3.705176805406909
8.229999999999999	3.7310014410603936
8.24	3.7543282188638436
8.25	3.775404131139037
8.26	3.794440432287316
8.27	3.8115642542513717
8.28	3.826769477982696
8.29	3.839866807914073
8.299999999999999	3.850439480100177
8.309999999999999	3.8578173715192463
8.32	3.8610851615634534
8.33	3.8591373128619697
8.34	3.850783670480749
8.35	3.834896439475439
8.36	3.810576040700708
8.37	3.777304357980946
8.379999999999999	3.735052798151849
8.389999999999999	3.6843208011430217
8.4	3.6260964712751464
8.41	3.561750692225803
8.42	3.492893732546876
8.43	3.421233411087929
8.44	3.3484727776545107
8.45	3.2762725837439
8.459999999999999	3.206282712757176
8.469999999999999	3.1402231224105934
8.479999999999999	3.0799757530420937
8.49	3.027640340592841
8.5	2.9855123728839503
8.51	2.9559598490849304
8.52	2.941202480288331
8.53	2.943025276102176
8.54	2.9624802345884795
8.55	2.9996388465567354
8.56	3.053451530630258
8.57	3.1217493905428375
8.58	3.2013941556425625
8.59	3.2885515049312963
8.6	3.3790390282612273
8.61	3.4686886579341465
8.62	3.553666717855444
8.63	3.6307108948795284
8.64	3.697267154554047
8.65	3.751533890995528
8.66	3.792438785455812
8.67	3.819581596719491
8.68	3.833172481972924
8.69	3.8339829899918594
8.7	3.82331060699698
8.71	3.802943487339904
8.72	3.7751045233589773
8.73	3.742355469851664
8.74	3.7074516401771875
8.75	3.6731522820300397
8.76	3.6420062511380995
8.77	3.616142366611072
8.78	3.5970958768804935
8.79	3.5856963719761428
8.8	3.582030385919154
8.81	3.5854777076836326
8.82	3.5948082937142125
8.83	3.608319836604086
8.84	3.623995639251282
8.85	3.639667321328954
8.860000000000001	3.6531741485918885
8.870000000000001	3.6625169276063017
8.88	3.666006680804392
8.89	3.66240571755136
8.9	3.6510524238169895
8.91	3.6319540487432485
8.92	3.6058276087551846
8.93	3.574070722012675
8.940000000000001	3.5386528230288157
8.950000000000001	3.5019314273728632
8.96	3.466414348584486
8.97	3.4345022714401727
8.98	3.4082524544312465
8.99	3.3892010004787583
9.	3.378268339372073
9.01	3.375753467864765
9.020000000000001	3.3814023372510076
9.030000000000001	3.394520342643921
9.040000000000001	3.414092677916094
9.05	3.4388811808547284
9.06	3.4674806314333932
9.07	3.498336715170425
9.08	3.529745803738801
9.09	3.5598673683479434
9.1	3.5867793959682333
9.110000000000001	3.6085952012156306
9.120000000000001	3.6236397508800606
9.13	3.630661051713469
9.14	3.6290343142317605
9.15	3.618909404700304
9.16	3.6012584985197935
9.170000000000002	3.57779988996632
9.180000000000001	3.550800893693751
9.190000000000001	3.522790557722706
9.200000000000001	3.49623397637494
9.21	3.473228618002201
9.22	3.455276987198062
9.23	3.443170931837301
9.24	3.436996313937411
9.250000000000002	3.4362398625469064
9.260000000000002	3.4399599069728417
9.270000000000001	3.446974237040429
9.280000000000001	3.4560229184698033
9.290000000000001	3.465879105566044
9.3	3.4754014521827923
9.31	3.483541148782663
9.32	3.4893292252050347
9.330000000000002	3.4918723204969444
9.340000000000002	3.490377683193633
9.350000000000001	3.4842138596052448
9.360000000000001	3.4729974284262095
9.370000000000001	3.4566835824006032
9.38	3.4356332594041064
9.39	3.4106332371426222
9.4	3.382856630549667
9.41	3.353765859298232
9.420000000000002	3.324973771086433
9.43	3.2980872260896272
9.44	3.2745589495865595
9.45	3.2555681558683656
9.459999999999999	3.24194080839991
9.469999999999999	3.2341100540880072
9.48	3.23210983718016
9.49	3.2355920656877157
9.5	3.2438600152490507
9.51	3.2559159787198952
9.52	3.270526397380621
9.53	3.286309796000671
9.54	3.3018500289455197
9.549999999999999	3.315829922193073
9.56	3.3271707399269097
9.57	3.3351547127984826
9.58	3.3395048666444644
9.59	3.3404009431121153
9.6	3.3384222766246747
9.61	3.334425410902573
9.62	3.329381326923529
9.629999999999999	3.324209113379589
9.64	3.3196455139075196
9.65	3.316181349806686
9.66	3.3140779517204186
9.67	3.3134540809279183
9.68	3.314412816833844
9.69	3.317164886955265
9.7	3.3221042405323504
9.709999999999999	3.3298041818251423
9.719999999999999	3.3409250632892133
9.73	3.3560512184427904
9.74	3.3754978748047835
9.75	3.3991413736258487
9.76	3.426324076845662
9.77	3.455868859928902
9.78	3.486211214371708
9.790000000000001	3.5156268802933583
9.8	3.542507768693392
9.81	3.5656255730544095
9.82	3.584324515792452
9.83	3.5986014829625623
9.84	3.609058713681744
9.85	3.6167439404879915
9.86	3.6229176085453387
9.870000000000001	3.628800393084381
9.88	3.6353538635422122
9.89	3.643133938237962
9.9	3.652235279767532
9.91	3.6623214627882614
9.92	3.672717012911581
9.93	3.6825277854951635
9.94	3.6907570895466684
9.950000000000001	3.6963947052032413
9.96	3.6984703290094734
9.97	3.6960769346541236
9.98	3.6883787363169906
9.99	3.674620616385536
10.	3.654151347835053
10.01	3.6264642633407718
10.02	3.591249926878982
10.03	3.548449349813634
10.040000000000001	3.4982954008456204
10.05	3.441334209664654
10.06	3.378425494905877
10.07	3.310727660978906
10.08	3.239677127781652
10.09	3.1669699291692552
10.100000000000001	3.0945474353853504
10.110000000000001	3.024579440522004
10.120000000000001	2.9594303729788662
10.13	2.901591569421668
10.14	2.853566569892707
10.15	2.8177071208527806
10.16	2.7960124266521262
10.17	2.789918792821695
10.180000000000001	2.8001163311589314
10.190000000000001	2.8264301506426275
10.200000000000001	2.8677941769855355
10.21	2.922328180772233
10.22	2.987507156817063
10.23	3.0603927136333056
10.24	3.1378841101754524
10.25	3.2169454958628667
10.260000000000002	3.2947760835383795
10.270000000000001	3.3689083820022785
10.280000000000001	3.4372407146086843
10.290000000000001	3.4980276954407556
10.3	3.5498608776126614
10.31	3.591668932129245
10.32	3.6227535259025
10.33	3.642857888322898
10.34	3.6522462003105387
10.350000000000001	3.651759745077046
10.36	3.6428146028390787
10.37	3.6273165620840984
10.379999999999999	3.607489113771593
10.389999999999999	3.5856341615143634
10.399999999999999	3.5638654001146017
10.41	3.543864991341069
10.42	3.5267117158554027
10.43	3.512813513878057
10.44	3.5019532918506866
10.45	3.4934306727179187
10.459999999999999	3.4862612201552676
10.469999999999999	3.479384280569289
10.479999999999999	3.471833506368659
10.49	3.462839036886503
10.5	3.4518525095857338
10.51	3.4385089085577296
10.52	3.4225561529483928
10.53	3.40378970745747
10.54	3.3820240615458452
10.549999999999999	3.3571179111343694
10.559999999999999	3.329050251098857
10.57	3.298026443151554
10.58	3.264582014283145
10.59	3.229650512051456
10.6	3.1945701436357448
10.61	3.1610192000332904
10.62	3.130887626372565
10.629999999999999	3.1061064971390793
10.639999999999999	3.0884648452241508
10.649999999999999	3.0794428822594715
10.66	3.080083327306461
10.67	3.0909114967585083
10.68	3.111903922082881
10.69	3.1424978494640348
10.7	3.1816316308457577
10.709999999999999	3.2278082187090504
10.72	3.279178458027144
10.73	3.3336446031181906
10.74	3.388984943234263
10.75	3.442996611761713
10.76	3.4936466036609466
10.77	3.539213469800469
10.78	3.5783975666459873
10.79	3.6103790016009247
10.8	3.634810627079175
10.81	3.651747269804245
10.82	3.6615282587615847
10.83	3.6646434098312404
10.84	3.661618386667446
10.85	3.65295107572432
10.86	3.639116501411387
10.87	3.6206372087325422
10.88	3.5981946366672783
10.89	3.572741216788722
10.9	3.5455679787759413
10.91	3.5182906623312773
10.92	3.492737282038351
10.93	3.470746768635806
10.94	3.453914467839675
10.95	3.44333845597376
10.959999999999999	3.43942533564519
10.97	3.4418035378356637
10.98	3.449368577542223
10.99	3.4604542536039493
11.	3.473094505193904
11.01	3.4853203135147535
11.02	3.49542996406281
11.030000000000001	3.502180497272073
11.040000000000001	3.5048703139721837
11.05	3.503311319849023
11.06	3.497715821584159
11.07	3.4885415014766163
11.08	3.4763428071031206
11.09	3.461668484244033
11.1	3.4450260965274055
11.110000000000001	3.426911270472158
11.120000000000001	3.4078789674222283
11.13	3.3886219934032664
11.14	3.370021103348865
11.15	3.3531408659807305
11.16	3.339162295892592
11.17	3.3292617254714294
11.18	3.3244600496384953
11.190000000000001	3.3254735064743874
11.200000000000001	3.332595362672519
11.21	3.3456288201099813
11.22	3.3638787217410027
11.23	3.3861974546393876
11.24	3.4110722869910926
11.25	3.436738835996996
11.26	3.4613078239431987
11.27	3.4828973368800864
11.280000000000001	3.499767325467436
11.290000000000001	3.5104545037916948
11.3	3.5139031209331697
11.31	3.5095813237525135
11.32	3.4975666830347474
11.33	3.4785812676165904
11.340000000000002	3.4539591306784256
11.350000000000001	3.425538141438046
11.360000000000001	3.395482323595872
11.370000000000001	3.366056708450563
11.38	3.339389535823168
11.39	3.31726217340927
11.4	3.300962938839968
11.41	3.2912274420848133
11.420000000000002	3.28826834020988
11.430000000000001	3.291876782710196
11.440000000000001	3.301562114492053
11.450000000000001	3.3166901384496628
11.46	3.336585267280093
11.47	3.3605767077130193
11.48	3.3879889280294586
11.49	3.4180958961140693
11.500000000000002	3.4500709672159635
11.510000000000002	3.4829659182989787
11.520000000000001	3.515742838726471
11.530000000000001	3.5473643201522442
11.540000000000001	3.576926280215132
11.55	3.6038004579119463
11.56	3.6277457594925497
11.57	3.6489520553114443
11.58	3.6679958656984377
11.590000000000002	3.6857102587817794
11.6	3.702994621936284
11.61	3.720606915409167
11.62	3.7389865378132656
11.629999999999999	3.758148331500893
11.639999999999999	3.777669688768973
11.65	3.7967685515484697
11.66	3.8144472836897587
11.67	3.8296623978237685
11.68	3.8414769848461905
11.69	3.849161883719004
11.7	3.852229942804449
11.709999999999999	3.8504093351901862
11.719999999999999	3.8435801580172124
11.73	3.8317080375935175
11.74	3.8148065723682536
11.75	3.792948118327661
11.76	3.7663237754962426
11.77	3.7353344325481372
11.78	3.7006813136447594
11.79	3.6634207676979793
11.799999999999999	3.624955141808286
11.81	3.5869473186356853
11.82	3.5511661976168094
11.83	3.5192883768375265
11.84	3.492692590592471
11.85	3.4722852914626077
11.86	3.4583882237608363
11.87	3.4507046640247054
11.879999999999999	3.448364584229348
11.889999999999999	3.450034872909029
11.9	3.4540722307219167
11.91	3.4586945897246046
11.92	3.4621507571791574
11.93	3.4628746896991403
11.94	3.4596171300327363
11.95	3.4515508427871753
11.96	3.438345604793863
11.97	3.4202065800353347
11.98	3.397867252257943
11.99	3.372528510058956
12.	3.345740645891539
12.01	3.319234927702448
12.02	3.294723861069939
12.03	3.2737004902094498
12.040000000000001	3.2572728749782236
12.05	3.246067077978996
12.06	3.240219783455893
12.07	3.2394621590706993
12.08	3.243274468979083
12.09	3.251072329198482
12.1	3.262376035158674
12.11	3.276917557670792
12.120000000000001	3.2946556302777834
12.13	3.315694174284637
12.14	3.3401266235655678
12.15	3.3678509377179564
12.16	3.3984107411985027
12.17	3.4309136404546594
12.18	3.464059036119146
12.19	3.496279419759502
12.2	3.5259687902411403
12.21	3.5517477146564644
12.22	3.5727033321200627
12.23	3.588547375185099
12.24	3.599654780766122
12.25	3.6069743767032176
12.26	3.6118336645624507
12.270000000000001	3.6156838042023143
12.280000000000001	3.6198424563429024
12.290000000000001	3.6252886945108216
12.3	3.6325474755433165
12.31	3.6416763979409583
12.32	3.6523417989239224
12.33	3.6639515338427815
12.34	3.675802768804651
12.350000000000001	3.6872061547512223
12.360000000000001	3.697560683890826
12.370000000000001	3.706371594189983
12.38	3.713221131537022
12.39	3.717713859889523
12.4	3.7194218140889777
12.41	3.7178502532792668
12.42	3.7124347534351894
12.430000000000001	3.702568950469652
12.440000000000001	3.68765342041106
12.450000000000001	3.6671525557600817
12.46	3.6406482754875866
12.47	3.6078852456516084
12.48	3.56880888588761
12.49	3.5236015840870243
12.5	3.472722172691876
12.51	3.4169487251732433
12.520000000000001	3.357417034918371
12.530000000000001	3.295640019204771
12.540000000000001	3.233490174290929
12.55	3.1731303578426755
12.56	3.1168877440250715
12.57	3.067079584847037
12.580000000000002	3.025813448771451
12.590000000000002	2.9947943908637216
12.600000000000001	2.975173496179072
12.610000000000001	2.9674651058393944
12.620000000000001	2.9715452597534258
12.63	2.98672543289915
12.64	3.011878804088974
12.65	3.0455860826830303
12.660000000000002	3.086267433605469
12.670000000000002	3.1322764306355113
12.680000000000001	3.1819482769995027
12.690000000000001	3.233612547898736
12.700000000000001	3.2855945542522296
12.71	3.336234413564907
12.72	3.383947079208231
12.73	3.4273313992513192
12.740000000000002	3.46531631268562
12.750000000000002	3.4973138567997557
12.760000000000002	3.5233378910729223
12.770000000000001	3.5440483750062035
12.780000000000001	3.5606942780075426
12.790000000000001	3.5749506307722596
12.8	3.5886708438076127
12.81	3.603597063725328
12.82	3.621082822158418
12.830000000000002	3.6418801863026884
12.84	3.66602851846853
12.85	3.6928579895089912
12.86	3.7210948470445975
12.87	3.7490343029277424
12.879999999999999	3.7747363583638696
12.89	3.7962022913048785
12.9	3.8115033981587176
12.91	3.8188541002589425
12.92	3.816642086691843
12.93	3.803442396905983
12.94	3.7780460333007886
12.95	3.739526001280034
12.959999999999999	3.6873473189412636
12.97	3.6215078745130738
12.98	3.542680332277231
12.99	3.4523168945626725
13.	3.352681333818463
13.01	3.2467856941239326
13.02	3.1382287520133967
13.03	3.0309541950675967
13.04	2.9289628589509706
13.05	2.836021142518095
13.06	2.7554054607770135
13.07	2.6897117983159173
13.08	2.640743867786115
13.09	2.609477785186452
13.1	2.596089687386027
13.11	2.600027655426346
13.12	2.620110607735664
13.129999999999999	2.654642322679055
13.14	2.7015351367339715
13.15	2.758442008597143
13.16	2.8228957466370717
13.17	2.8924504442259162
13.18	2.964814577979852
13.19	3.0379608408785437
13.200000000000001	3.1101974393851153
13.21	3.180190719130514
13.22	3.246938932019675
13.23	3.309708997488595
13.24	3.3679582854692014
13.25	3.421267906611976
13.26	3.4693104025069412
13.27	3.5118632630291273
13.280000000000001	3.5488632515870613
13.290000000000001	3.5804799864030192
13.3	3.6071760575694314
13.31	3.6297194161391184
13.32	3.649123433895734
13.33	3.6665090701206755
13.34	3.682907059422015
13.35	3.699039219293347
13.360000000000001	3.7151302840429627
13.370000000000001	3.7308006816138297
13.38	3.745075579434152
13.39	3.7565195838050074
13.4	3.763476221521792
13.41	3.7643648198925153
13.42	3.7579719394596003
13.43	3.7436745507211446
13.44	3.721547951134197
13.450000000000001	3.692338951222986
13.46	3.657316876477175
13.47	3.618043018112239
13.48	3.5761160841699615
13.49	3.532952891900195
13.5	3.48965017784763
13.510000000000002	3.446949226549379
13.520000000000001	3.405297021776347
13.530000000000001	3.364973480097628
13.540000000000001	3.326240215092655
13.55	3.289465230648103
13.56	3.2551891622419804
13.57	3.2241180366302724
13.58	3.1970489347129774
13.590000000000002	3.1747523175169423
13.600000000000001	3.157843751819343
13.610000000000001	3.146676860894774
13.620000000000001	3.1412800827327403
13.63	3.141346070679403
13.64	3.1462690043551604
13.65	3.155215665250012
13.66	3.167212928264103
13.670000000000002	3.181236995142748
13.680000000000001	3.196295899652783
13.690000000000001	3.2115032274097537
13.700000000000001	3.2261446469657575
13.71	3.2397382533279147
13.72	3.252085406734464
13.73	3.2633030172897466
13.74	3.2738242584749484
13.75	3.284355274125014
13.760000000000002	3.295781805196474
13.77	3.3090308497799477
13.78	3.3249054830569076
13.79	3.3439216554686757
13.799999999999999	3.366180230515023
13.809999999999999	3.3913034010051843
13.82	3.4184521563728407
13.83	3.4464235573955797
13.84	3.4738080237012543
13.85	3.4991729673559924
13.86	3.521234065675115
13.87	3.538980889378263
13.879999999999999	3.5517379868091337
13.889999999999999	3.5591616014839382
13.9	3.5611901865095534
13.91	3.5579782541078653
13.92	3.549844342180293
13.93	3.5372546290554223
13.94	3.5208469604246666
13.95	3.5014812231237413
13.959999999999999	3.4802873705327775
13.969999999999999	3.4586770794951605
13.98	3.4382913004993183
13.99	3.420872541253274
14.	3.408072978304623
14.01	3.401230830318362
14.02	3.401161265932558
14.03	3.408009899662498
14.04	3.421205550593916
14.049999999999999	3.439527161087665
14.059999999999999	3.461273454165021
14.07	3.484500297584005
14.08	3.5072763449542785
14.09	3.527906183724693
14.1	3.5450820010453983
14.11	3.557945982241846
14.12	3.5660699596792798
14.13	3.569379194514357
14.14	3.568057943371622
14.15	3.562473005383856
14.16	3.553138862351571
14.17	3.5407287153420683
14.18	3.526115968656407
14.19	3.5104167373773736
14.2	3.4950000390561415
14.21	3.4814395795717483
14.22	3.4713971509424715
14.23	3.4664477084855108
14.24	3.4678742256476456
14.25	3.4764712543191543
14.26	3.4923968519784943
14.27	3.5151033154971763
14.28	3.543360947817082
14.290000000000001	3.5753706006274957
14.3	3.6089449285666078
14.31	3.641728822822012
14.32	3.6714277559326405
14.33	3.6960176927381934
14.34	3.713918894649326
14.35	3.724124806911846
14.36	3.726283383002705
14.37	3.720730435972825
14.38	3.708473661247596
14.39	3.69112413471703
14.4	3.670772148952742
14.41	3.649808278297903
14.42	3.630698918403039
14.43	3.61573651278401
14.440000000000001	3.6067948929051363
14.450000000000001	3.6051256955824518
14.46	3.611229606819381
14.47	3.624825226145115
14.48	3.6449203720459655
14.49	3.6699698377136043
14.5	3.698085493740328
14.51	3.7272544709035977
14.520000000000001	3.75552223050231
14.530000000000001	3.781109804378253
14.540000000000001	3.8024551486834355
14.55	3.8181916096213238
14.56	3.827095206108917
14.57	3.8280411145808833
14.58	3.8200055406369167
14.59	3.8021330185808537
14.600000000000001	3.7738656685235945
14.610000000000001	3.7351070115900193
14.620000000000001	3.686375904409494
14.63	3.6289014930675565
14.64	3.564619792886588
14.65	3.496054393612606
14.66	3.426092078685283
14.67	3.357691063788156
14.68	3.2935775887109315
14.690000000000001	3.235990644921409
14.700000000000001	3.1865234833189304
14.71	3.146087233750893
14.72	3.114992814755484
14.73	3.0931201353206457
14.74	3.080125454640225
14.750000000000002	3.0756330194596893
14.760000000000002	3.0793662506411494
14.770000000000001	3.091193492637
14.780000000000001	3.111087669309882
14.790000000000001	3.1390212623047304
14.8	3.1748321580042296
14.81	3.218099116183465
14.82	3.2680582773446636
14.830000000000002	3.3235775941907626
14.840000000000002	3.383189404964885
14.850000000000001	3.445167646993025
14.860000000000001	3.507628983559697
14.870000000000001	3.568637435559596
14.88	3.626298441454055
14.89	3.6788372721523563
14.9	3.724664559756768
14.910000000000002	3.7624354135488716
14.920000000000002	3.7911071385244353
14.930000000000001	3.8099950554905897
14.940000000000001	3.818819115042153
14.950000000000001	3.817729217552384
14.96	3.807296971998048
14.97	3.7884668638388224
14.98	3.7624691367879293
14.99	3.7307070743990636
15.000000000000002	3.6946390666759434