0.	1.
0.01	0.9927313147925049
0.02	0.9712964885382807
0.03	0.9367757928531913
0.04	0.8908624937603967
0.05	0.8357161242322837
0.06	0.7737829353830248
0.07	0.7076045825156312
0.08	0.6396361993153202
0.09	0.5720921479172335
0.1	0.5068325312232
0.11	0.44529700091346625
0.12	0.38848563816410947
0.13	0.3369808194867684
0.14	0.290999853147506
0.15	0.2504662392936652
0.16	0.21508768107673787
0.17	0.18443105582955358
0.18	0.15798774947129982
0.19	0.13522623951032817
0.2	0.11563181244864423
0.21	0.09873526485542583
0.22	0.08413312714985861
0.23	0.07150147426745239
0.24	0.060604150214529515
0.25	0.051294811610078116
0.26	0.043511186148755945
0.27	0.03725980638111574
0.28	0.03259041989432775
0.29	0.02956117928446936
0.3	0.02819816522066673
0.31	0.02845517122110751
0.32	0.030181294076589756
0.33	0.03310414713305778
0.34	0.03683511702660156
0.35	0.040900044538399176
0.36	0.044794433313514494
0.37	0.04805750397870481
0.38	0.05035503220135912
0.39	0.051557861464405184
0.4	0.051802003158734
0.41000000000000003	0.0515177161057215
0.42000000000000004	0.05141883204046461
0.43	0.05244933584920738
0.44	0.05569090753375696
0.45	0.06224164913881966
0.46	0.07308139917438093
0.47	0.08894192505714332
0.48	0.11020031132655103
0.49	0.13681095687195652
0.5	0.16828620550314688
0.51	0.20372864818299394
0.52	0.2419107173844422
0.53	0.28139057360057146
0.54	0.3206485298895592
0.55	0.3582260896399385
0.56	0.39285032940979436
0.5700000000000001	0.42352958404646746
0.5800000000000001	0.4496114908038896
0.5900000000000001	0.47080044004181326
0.6000000000000001	0.4871372885527815
0.61	0.4989488595453012
0.62	0.5067776130726259
0.63	0.5113026535919573
0.64	0.5132621011538886
0.65	0.513384302043552
0.66	0.5123321308290998
0.67	0.5106615269499719
0.68	0.5087930791243159
0.6900000000000001	0.5069943205587999
0.7	0.5053704906069708
0.71	0.5038625860459519
0.72	0.5022530499380065
0.73	0.5001807995120106
0.74	0.4971678998854886
0.75	0.4926596728207411
0.76	0.48607831872559576
0.77	0.4768874916432907
0.78	0.4646622553592791
0.79	0.44915618892570236
0.8	0.430355834434951
0.81	0.4085127562169973
0.8200000000000001	0.384145466871332
0.8300000000000001	0.3580072374861459
0.8400000000000001	0.3310208194371702
0.85	0.30418652613385067
0.86	0.2784749623418623
0.87	0.25471899229482964
0.88	0.23352058541967263
0.89	0.21518663888803313
0.9	0.19970388982412382
0.91	0.1867572001417604
0.92	0.17578878899092534
0.9299999999999999	0.16608955465222655
0.94	0.15690859556779982
0.95	0.14756429578590438
0.96	0.13754036219560284
0.97	0.1265529692458479
0.98	0.11458016659041022
0.99	0.10185102631554742
1.	0.0887985182634095
1.01	0.07598566740226854
1.02	0.06401823542525983
1.03	0.053458423958608635
1.04	0.0447528305035239
1.05	0.03818447890650721
1.06	0.03385394749312336
1.07	0.031689397230137674
1.08	0.03148064206720728
1.0899999999999999	0.032929108813293535
1.1	0.03570408217949633
1.1099999999999999	0.039496096062295157
1.1199999999999999	0.04406039540199715
1.13	0.049246432971124424
1.14	0.05501261092755348
1.15	0.06142818358609494
1.16	0.06866585245105299
1.17	0.07698886094553131
1.18	0.08673543853290873
1.19	0.09830166870668554
1.2	0.11212188285446548
1.21	0.12864418071054942
1.22	0.14829819804198643
1.23	0.17145307481606792
1.24	0.19836567335380018
1.25	0.22912206215728884
1.26	0.26357845461642465
1.27	0.30131038199032795
1.28	0.34158014435696316
1.29	0.38333200083304403
1.3	0.4252219653174601
1.31	0.4656847174046561
1.32	0.50303466377007
1.33	0.535592521138301
1.34	0.5618239770204579
1.35	0.5804739660744405
1.36	0.5906795415731863
1.37	0.5920464607699791
1.3800000000000001	0.5846791906614619
1.3900000000000001	0.5691603736180072
1.4	0.5464828360447829
1.4100000000000001	0.5179438005056826
1.42	0.4850159711411651
1.43	0.4492127829858215
1.44	0.411964949158868
1.45	0.3745226169383967
1.46	0.3378925369215687
1.47	0.30281359423224297
1.48	0.2697679512155623
1.49	0.23901996743090337
1.5	0.21067181251445116
1.51	0.18472369985956558
1.52	0.16112792038109064
1.53	0.13982889657592887
1.54	0.12078554396760857
1.55	0.10397641205841877
1.56	0.08939152108817199
1.57	0.07701687880714621
1.58	0.06681806233177709
1.59	0.058728081053328975
1.6	0.052642440856792545
1.61	0.048421581727934496
1.62	0.04589840240934761
1.6300000000000001	0.04488705374121722
1.6400000000000001	0.04518896131821152
1.6500000000000001	0.046593173577914954
1.6600000000000001	0.048870320671526954
1.6700000000000002	0.05176213236995772
1.6800000000000002	0.05497087748834503
1.6900000000000002	0.05815455785438428
1.7000000000000002	0.06093371563295979
1.7100000000000002	0.06291411328707497
1.7200000000000002	0.06372651825692106
1.73	0.06308092013312278
1.7400000000000002	0.0608285253957503
1.75	0.05702169714105922
1.76	0.05196041451914726
1.77	0.04621432170444242
1.78	0.04061212355571864
1.79	0.03619462851914637
1.8	0.03413340985552007
1.81	0.03562286244524443
1.82	0.04175830779942799
1.83	0.053415810869425914
1.84	0.07114990409276584
1.85	0.09512329742754665
1.86	0.12507820427438476
1.87	0.16035287989549227
1.8800000000000001	0.1999403911792466
1.8900000000000001	0.24258065005386187
1.9000000000000001	0.28687236402201227
1.9100000000000001	0.33138949283561825
1.92	0.37478731842628277
1.93	0.41588612388135787
1.94	0.4537250971284288
1.95	0.487584494625066
1.96	0.516979285895243
1.97	0.5416315198698999
1.98	0.5614308584696384
1.99	0.5763928593160847
2.	0.5866228356279766
2.01	0.5922900284490296
2.02	0.5936131870480335
2.03	0.5908553237322979
2.04	0.5843231231279001
2.05	0.574365700282536
2.06	0.5613682066846314
2.07	0.5457378927163336
2.08	0.5278830616648433
2.09	0.5081881443626545
2.1	0.4869901465696194
2.11	0.4645624170339603
2.12	0.4411108078593678
2.13	0.416784977133712
2.14	0.39170429287005093
2.15	0.36599426211101355
2.16	0.3398264458207275
2.17	0.31345315582434413
2.1799999999999997	0.28722833711057927
2.19	0.26160802226410185
2.2	0.23712730577163751
2.21	0.21435527156821432
2.2199999999999998	0.19383383740697524
2.23	0.17601012552478362
2.24	0.16117394583750538
2.25	0.14941181222915412
2.2600000000000002	0.14058654886828428
2.27	0.1343473662147352
2.2800000000000002	0.13017005167656961
2.29	0.1274216106260995
2.3000000000000003	0.12543932573330857
2.31	0.12361162286439861
2.3200000000000003	0.12144784667729053
2.33	0.11862612180816652
2.3400000000000003	0.11501251149807812
2.35	0.11064990922640719
2.3600000000000003	0.1057205079126843
2.37	0.1004902550147599
2.3800000000000003	0.0952465658772784
2.39	0.09024122108738113
2.4000000000000004	0.08564874656712733
2.41	0.08154704683603022
2.4200000000000004	0.0779223778249179
2.43	0.07469586211539224
2.4400000000000004	0.07176463749826079
2.45	0.06904817877310868
2.4600000000000004	0.06652979465549497
2.47	0.06428480641941756
2.4800000000000004	0.062490074080422536
2.49	0.06141363274128292
2.5	0.06138734739071015
2.5100000000000002	0.06276881759159215
2.5200000000000005	0.06590059266587744
2.5300000000000002	0.07107475910688471
2.54	0.07850920239034602
2.5500000000000003	0.08833877187118125
2.56	0.10062091360094226
2.57	0.11535192139483025
2.58	0.13248756314362067
2.59	0.15196100312269809
2.6	0.17369184576479896
2.61	0.1975825642992394
2.62	0.22350199488083045
2.63	0.2512591938022797
2.64	0.2805739370038713
2.65	0.3110517797857012
2.66	0.34217146724229064
2.67	0.37329055066663025
2.68	0.4036716772486423
2.69	0.4325278625725591
2.7	0.45908099721717144
2.71	0.4826247537494847
2.72	0.50258163985361
2.73	0.5185445457029567
2.74	0.5302957020576934
2.75	0.5378000313177342
2.7600000000000002	0.5411746465488967
2.77	0.5406407798076028
2.7800000000000002	0.5364677788910888
2.79	0.5289203010551716
2.8	0.5182191225676107
2.81	0.504523185217916
2.8200000000000003	0.48793615030360177
2.83	0.4685356819462142
2.84	0.4464189384569153
2.85	0.4217542631078592
2.86	0.39482753867992854
2.87	0.3660724195465419
2.88	0.3360765438397609
2.8899999999999997	0.3055602939164116
2.9	0.2753298414512112
2.9099999999999997	0.24621107407059925
2.92	0.21897461110234762
2.9299999999999997	0.1942637900853605
2.94	0.17253694719540286
2.9499999999999997	0.154032672966705
2.96	0.13876255771572202
2.9699999999999998	0.1265310966936162
2.98	0.11697786412985098
2.9899999999999998	0.10963366491288766
3.	0.10398074882438187
3.01	0.09950756016367437
3.02	0.09575071013703174
3.03	0.09232034384521538
3.04	0.0889090253830161
3.05	0.08528780992953444
3.06	0.0812955537896721
3.07	0.07682825170862823
3.08	0.07183418043790432
3.09	0.06631815632405101
3.1	0.0603548959688346
3.11	0.054108104451440084
3.12	0.04784931778951487
3.13	0.041969339148102525
3.1399999999999997	0.03697566379243171
3.15	0.03347152997447658
3.16	0.03211572553504832
3.17	0.03356629632592463
3.1799999999999997	0.03841497918436074
3.19	0.04712170372914414
3.2	0.059959283095221416
3.21	0.0769772090999772
3.22	0.09799046025432728
3.23	0.12259498244742263
3.24	0.15020684465923612
3.25	0.18011793992405403
3.2600000000000002	0.21155833720738274
3.27	0.24375456628191455
3.2800000000000002	0.2759744169044689
3.29	0.30755200319579634
3.3000000000000003	0.3378912446553919
3.31	0.36645064811968503
3.3200000000000003	0.3927163652135629
3.33	0.41617309617177645
3.3400000000000003	0.43628296190095284
3.35	0.4524808359602137
3.3600000000000003	0.4641911275052905
3.37	0.4708663320897576
3.3800000000000003	0.47204276281799457
3.39	0.4674047385461017
3.4000000000000004	0.45684599034020956
3.41	0.44051668366362057
3.4200000000000004	0.41884634480805893
3.43	0.3925367794989713
3.4400000000000004	0.36252405372832736
3.45	0.32991381362617617
3.46	0.29589865529148274
3.47	0.2616690803480982
3.4800000000000004	0.2283302783142605
3.49	0.19683547666472387
3.5	0.16794324261454205
3.5100000000000002	0.14220161304644097
3.52	0.11995718398195404
3.53	0.1013832398215577
3.54	0.08651840447583752
3.55	0.0753065876188238
3.56	0.06763021136941139
3.57	0.06333146755955302
3.58	0.062219993355965765
3.59	0.06406902366644343
3.6	0.06860496641649107
3.61	0.0754968342581447
3.62	0.08435176532747544
3.63	0.09472107442628591
3.64	0.10611835205946019
3.65	0.11804778419186202
3.66	0.1300379068240158
3.67	0.14167415668752215
3.68	0.15262330441148647
3.69	0.1626442747360748
3.7	0.171582697712943
3.71	0.17935018984118342
3.72	0.18589302353054274
3.73	0.19115766505481313
3.74	0.19506195711033605
3.75	0.1974801133641617
3.76	0.19824720147714453
3.77	0.19718485009757517
3.7800000000000002	0.19414528699059508
3.79	0.18906644240938922
3.8	0.18202766423359198
3.81	0.17329431292246716
3.82	0.16334049631699313
3.83	0.15284238159104752
3.84	0.14263935802932062
3.8499999999999996	0.1336659481465769
3.86	0.12686272582833377
3.8699999999999997	0.1230785753132584
3.88	0.12297861957075182
3.8899999999999997	0.12697165377654987
3.9	0.13516800134278092
3.9099999999999997	0.14737388724845252
3.92	0.163122574627665
3.9299999999999997	0.181736700086763
3.94	0.20241151443903538
3.9499999999999997	0.2243059100881921
3.96	0.24662763954781136
3.9699999999999998	0.2687009930401515
3.98	0.2900089580358204
3.9899999999999998	0.3102067418306733
4.	0.3291085382955623
4.01	0.346653623204751
4.02	0.3628605393143635
4.03	0.3777788993538631
4.04	0.39144721755608625
4.05	0.4038625874037718
4.06	0.41496464371940867
4.07	0.4246328895956696
4.08	0.4326938806038482
4.09	0.43893346482166246
4.1	0.4431094698977152
4.109999999999999	0.44496173462188593
4.12	0.4442187129338114
4.13	0.4406023470477078
4.14	0.4338347947044076
4.1499999999999995	0.42365132350607154
4.16	0.4098229527272087
4.17	0.3921902888772956
4.18	0.3707068825802015
4.19	0.3454870236675387
4.2	0.3168500100188871
4.21	0.28535134261141587
4.22	0.2517915550654134
4.23	0.21719565984853711
4.24	0.18276024273206076
4.25	0.14977042542525884
4.26	0.11949432454406923
4.2700000000000005	0.0930672367801266
4.28	0.07138064477562851
4.29	0.054991621452736596
4.3	0.044066092419262425
4.3100000000000005	0.038364957707097
4.32	0.0372759802203975
4.33	0.03988764157495176
4.34	0.04509499754411089
4.3500000000000005	0.05172299805579568
4.36	0.05865054507457005
4.37	0.06491908698613426
4.38	0.06981263776761121
4.390000000000001	0.07290115227635334
4.4	0.07404523927712958
4.41	0.0733661561669637
4.42	0.07118987072282368
4.43	0.06797691870472318
4.44	0.06425044954518774
4.45	0.06053330455531082
4.46	0.057301698295571614
4.47	0.054958858673166765
4.4799999999999995	0.05382773621744003
4.489999999999999	0.054158463875691565
4.5	0.05614424566472976
4.51	0.059939035284488504
4.52	0.06567160777681154
4.529999999999999	0.07345296403708264
4.54	0.08337675720223316
4.55	0.09551485584207708
4.56	0.10991164388242088
4.569999999999999	0.12658084335110303
4.58	0.14550751528392664
4.59	0.16665576984268687
4.6	0.18998018659028107
4.609999999999999	0.21543672318700796
4.62	0.2429876445577212
4.63	0.2725951966141895
4.64	0.30420051363324996
4.6499999999999995	0.33768734508086595
4.66	0.37283403302276463
4.67	0.40926095284095165
4.68	0.4463834738392949
4.6899999999999995	0.48338165579464276
4.7	0.5191969228748419
4.71	0.5525628086908493
4.72	0.5820719497027671
4.7299999999999995	0.6062756073722869
4.74	0.623806155677088
4.75	0.633508263535095
4.76	0.6345618546590319
4.77	0.6265799187352421
4.78	0.6096669900084408
4.79	0.5844292166478278
4.8	0.5519335969942446
4.8100000000000005	0.5136210519170128
4.82	0.4711843499341255
4.83	0.4264264561348492
4.84	0.38111692104303324
4.8500000000000005	0.33686320345002496
4.86	0.29501057017735477
4.87	0.2565791122694813
4.88	0.22224043552252046
4.890000000000001	0.19233080135133615
4.9	0.16689288518150613
4.91	0.14573557261347148
4.92	0.1285006156654667
4.930000000000001	0.11472637569750439
4.94	0.10390176206000926
4.95	0.09550706557760964
4.96	0.08904184248718355
4.970000000000001	0.08404259801440411
4.98	0.08009428225056942
4.99	0.07683942676698097
5.	0.07398735746284166
5.010000000000001	0.07132384035667608
5.0200000000000005	0.0687194243148143
5.03	0.06613329295034173
5.04	0.06360910512124321
5.050000000000001	0.06126027289609923
5.0600000000000005	0.059244236838199626
5.07	0.05772807697275498
5.08	0.0568505610161024
5.09	0.05668774353069375
5.1	0.057229874917160695
5.109999999999999	0.058376314073746265
5.12	0.059952388568720115
5.13	0.06174812395802506
5.14	0.06357420287000509
5.1499999999999995	0.06532632921519009
5.16	0.06704627383476125
5.17	0.06896697871995403
5.18	0.07153055455137379
5.1899999999999995	0.07537172843958775
5.2	0.08126473996614066
5.21	0.09003793329655312
5.22	0.10246623969895555
5.2299999999999995	0.11915628487571767
5.24	0.14044110677902286
5.25	0.1663009449509856
5.26	0.1963232704232222
5.27	0.22970967587086616
5.28	0.2653303602168499
5.29	0.3018198831747575
5.3	0.3377018227742842
5.31	0.37152593970187525
5.32	0.4020000606662968
5.33	0.42810028413381024
5.34	0.4491469382920421
5.35	0.4648392237913711
5.359999999999999	0.47524763856431684
5.37	0.48076904013041705
5.38	0.48205363184108585
5.39	0.47991565639665246
5.4	0.47523994425477173
5.41	0.468894915497431
5.42	0.46165973230702945
5.430000000000001	0.45416980622890046
5.44	0.4468815649312562
5.45	0.44005491577373684
5.46	0.4337505707509244
5.470000000000001	0.42783934451607525
5.48	0.42202141023198614
5.49	0.415854775354989
5.5	0.40879331484080567
5.510000000000001	0.40023504257652215
5.5200000000000005	0.38958060100325476
5.53	0.3763001997037027
5.54	0.36000475649521757
5.550000000000001	0.3405143723225098
5.5600000000000005	0.3179152218647897
5.57	0.2925951513143036
5.58	0.2652492284619333
5.590000000000001	0.23684933895367494
5.6000000000000005	0.2085764162044653
5.61	0.18171939719862149
5.62	0.15755059645934388
5.630000000000001	0.13719185563491276
5.640000000000001	0.12148861295343645
5.65	0.11090928251152016
5.66	0.10548480270897041
5.67	0.10479816620677271
5.680000000000001	0.10802690900541875
5.69	0.11403399131904954
5.7	0.12149548513212381
5.71	0.1290481652078747
5.72	0.13543737408824333
5.7299999999999995	0.13964584435408928
5.74	0.14098743318351403
5.75	0.13915536522582048
5.76	0.13422160268477099
5.77	0.12659116692351166
5.78	0.11692143439928455
5.79	0.10602065677958734
5.8	0.0947416378666974
5.81	0.0838855446430051
5.82	0.0741276144964454
5.83	0.06597179852753658
5.84	0.05973611473069226
5.85	0.0555656500690896
5.86	0.05346654532710358
5.87	0.05335239941589588
5.88	0.05509442941497997
5.89	0.058568134053995365
5.9	0.06369156621552345
5.91	0.07045292703820216
5.92	0.07892738998969538
5.93	0.08928437627843665
5.94	0.10178675161454061
5.95	0.11678273632750524
5.96	0.1346901251673877
5.97	0.15597126664479163
5.98	0.18109672722727033
5.99	0.2104960861042566
6.	0.2444960220568052
6.01	0.2832485825149236
6.0200000000000005	0.32665576741268765
6.03	0.3742995959338277
6.04	0.42538886130998776
6.050000000000001	0.4787341341681182
6.0600000000000005	0.5327608395971016
6.07	0.5855663898237136
6.08	0.6350218179677645
6.090000000000001	0.6789119272401292
6.1000000000000005	0.7151016951246263
6.11	0.7417116670169144
6.12	0.7572823022469269
6.130000000000001	0.7609073192923577
6.140000000000001	0.7523191734500151
6.15	0.7319155160481796
6.16	0.7007229885629082
6.170000000000001	0.6603028316806501
6.180000000000001	0.612610253054523
6.19	0.5598251235172697
6.2	0.5041745056117041
6.210000000000001	0.4477673761234479
6.220000000000001	0.3924588318641896
6.23	0.33975570251375964
6.24	0.29076883447816915
6.250000000000001	0.24621052138148972
6.260000000000001	0.20642975399740468
6.2700000000000005	0.17147400600199822
6.28	0.1411646250870093
6.290000000000001	0.11517356601672121
6.300000000000001	0.09309175983507774
6.3100000000000005	0.07448312473388548
6.32	0.05892220910047566
6.33	0.04601688277841226
6.34	0.03541974138505526
6.35	0.026832673349435007
6.36	0.020008439512831204
6.37	0.014751531118267857
6.38	0.01091861027472823
6.39	0.008417152866717584
6.4	0.007200048477268333
6.41	0.0072541597204193245
6.42	0.008582180514272196
6.43	0.011179221447038234
6.44	0.015007818674167197
6.45	0.019976842293214125
6.46	0.02593046988169857
6.47	0.03265261100023242
6.48	0.03988986828736287
6.49	0.047392615420666695
6.5	0.054969697229288274
6.51	0.06254844843352572
6.5200000000000005	0.07022904972692062
6.53	0.07832140018252465
6.54	0.08735406939991067
6.55	0.09804846344562652
6.5600000000000005	0.11125661381852217
6.57	0.12786712421723306
6.58	0.14868970937168263
6.59	0.17433333598194511
6.6	0.20509532146896123
6.61	0.24087832794253303
6.62	0.2811489586048544
6.63	0.32494608127679964
6.640000000000001	0.3709399600488681
6.65	0.4175359346372527
6.66	0.4630099710965028
6.670000000000001	0.5056589759210286
6.680000000000001	0.5439470202575893
6.69	0.5766297837224695
6.7	0.6028433086638122
6.710000000000001	0.6221488210185575
6.720000000000001	0.6345318924016716
6.73	0.6403604637970043
6.74	0.6403112156292494
6.750000000000001	0.6352767428173963
6.760000000000001	0.6262666829070764
6.7700000000000005	0.6143145018509634
6.78	0.6003986015983426
6.790000000000001	0.585382562960952
6.800000000000001	0.5699755349582519
6.8100000000000005	0.5547107752514497
6.82	0.539938620937182
6.830000000000001	0.5258298627809987
6.840000000000001	0.5123863935412797
6.8500000000000005	0.49945760733422384
6.86	0.4867627018202608
6.870000000000001	0.4739201570500626
6.880000000000001	0.46048578797669276
6.890000000000001	0.4459997341908925
6.9	0.4300407355356628
6.91	0.41228351942161745
6.920000000000001	0.3925527602790637
6.930000000000001	0.37086556566962825
6.94	0.3474543660325882
6.95	0.32276372528790426
6.96	0.2974178681149859
6.97	0.2721601775682245
6.98	0.2477707879528232
6.99	0.22497275377763987
7.	0.20434021051615045
7.01	0.18622276477750963
7.0200000000000005	0.17069873635379745
7.03	0.1575659519107994
7.04	0.14637313893592857
7.05	0.13648852319314042
7.0600000000000005	0.1271961143183267
7.07	0.11780547002195771
7.08	0.10775832389490604
7.09	0.09671580731061796
7.1000000000000005	0.08461305983842896
7.11	0.07167327945241352
7.12	0.058379792031878465
7.13	0.04541137439862571
7.140000000000001	0.033551693476548114
7.15	0.02358737986084261
7.16	0.01621037018104745
7.17	0.011938638319922607
7.180000000000001	0.011065679423534083
7.19	0.01364389141216015
7.2	0.019501322756628088
7.21	0.028286155092640465
7.220000000000001	0.03952962383682028
7.23	0.0527163774293239
7.24	0.06735164843194308
7.25	0.08301675672686097
7.26	0.09940775988649814
7.27	0.11635570662342754
7.279999999999999	0.13383013973298433
7.29	0.15192961566211846
7.3	0.1708637420793991
7.31	0.19093062292471416
7.319999999999999	0.21249201230433104
7.33	0.23594651223987823
7.34	0.26169947875858773
7.35	0.29012750847346774
7.359999999999999	0.32153580833533824
7.37	0.3561084206397515
7.38	0.3938538557804246
7.39	0.4345515700246915
7.3999999999999995	0.4777071614664238
7.41	0.5225254153900815
7.42	0.56790987890254
7.43	0.6124952859789299
7.4399999999999995	0.654715093068909
7.45	0.6929012146595913
7.46	0.7254076482235376
7.47	0.7507450521877831
7.4799999999999995	0.7677104170749657
7.49	0.7754954109092135
7.5	0.7737590376464126
7.51	0.7626546980874632
7.52	0.7428079134632771
7.529999999999999	0.7152478563363822
7.54	0.6813022755950731
7.55	0.6424703117361578
7.56	0.6002902553960862
7.57	0.5562191102976641
7.58	0.5115379814936429
7.59	0.46729239320875515
7.6000000000000005	0.4242705775290046
7.61	0.3830166711586677
7.62	0.3438706808649863
7.63	0.3070238592641015
7.640000000000001	0.27257721352521236
7.65	0.24059223515998882
7.66	0.2111261395215284
7.67	0.18424816322465348
7.680000000000001	0.16003785504430995
7.69	0.13856991964795992
7.7	0.11989236283339214
7.71	0.10400511921513846
7.720000000000001	0.09084509475835478
7.73	0.08028106640823085
7.74	0.07211883910403825
7.75	0.0661142438283326
7.760000000000001	0.06198965545172979
7.7700000000000005	0.05944915775849395
7.78	0.058188385580885404
7.79	0.05789717063927148
7.800000000000001	0.058255851139856235
7.8100000000000005	0.05892875061169735
7.82	0.05956016540066013
7.83	0.05977867095059356
7.84	0.059214418798547865
7.8500000000000005	0.05753147756712339
7.86	0.05447366073521396
7.87	0.04991843566522895
7.88	0.04393028557090075
7.89	0.03680308612346912
7.8999999999999995	0.0290811973967775
7.91	0.021551217693320517
7.92	0.01520042679732568
7.93	0.01114319858581412
7.9399999999999995	0.010522150984498737
7.95	0.014395497041441854
7.96	0.023625047483327985
7.97	0.03877997204952116
7.9799999999999995	0.06006955961060465
7.99	0.08731410327642687
8.	0.11995737927377864
8.01	0.15711798355437276
8.02	0.19767113681674606
8.03	0.2403484571806032
8.04	0.2838413220176423
8.05	0.3268940597330681
8.06	0.3683761186145584
8.07	0.4073269190916467
8.08	0.4429723820105623
8.09	0.4747171094231888
8.1	0.5021199483259654
8.11	0.5248625467922143
8.12	0.5427202735408734
8.129999999999999	0.5555427117291293
8.14	0.5632474345662573
8.15	0.5658267544154634
8.16	0.5633635090091772
8.17	0.5560494880598809
8.18	0.5441993083753041
8.19	0.5282535322351793
8.2	0.5087673125036716
8.209999999999999	0.4863842319458499
8.219999999999999	0.4617984882168302
8.229999999999999	0.4357113536178169
8.24	0.4087892703821688
8.25	0.38163069538282907
8.26	0.3547469297233271
8.27	0.3285590747364494
8.28	0.3034096403992804
8.29	0.27958401469247374
8.299999999999999	0.25733474775042653
8.309999999999999	0.2369009527545972
8.32	0.21851626897535847
8.33	0.20240156778943239
8.34	0.1887423472964115
8.35	0.17765474851041058
8.36	0.16914745450608643
8.37	0.16308863574177626
8.379999999999999	0.15918709405837944
8.389999999999999	0.15699474114849604
8.4	0.15593385378704389
8.41	0.15534787113164525
8.42	0.15456976054573365
8.43	0.15299814164590025
8.44	0.15016923209583882
8.45	0.14581274708608183
8.459999999999999	0.1398822023334165
8.469999999999999	0.13255424530835394
8.479999999999999	0.12419690415753942
8.49	0.11531200630551214
8.5	0.1064614581240881
8.51	0.09818974688963547
8.52	0.09095542316054721
8.53	0.08508238531527774
8.54	0.08073791158651784
8.55	0.07793933499817644
8.56	0.07658601778288028
8.57	0.07650885907588949
8.58	0.07752678810263273
8.59	0.07949903838419939
8.6	0.08236351825273397
8.61	0.0861549068837374
8.62	0.09100048340918825
8.63	0.09709621837406393
8.64	0.10466940191427247
8.65	0.11393632173864311
8.66	0.12506384277845506
8.67	0.13814219569581743
8.68	0.1531732664798474
8.69	0.17007490756888727
8.7	0.1886981178442595
8.71	0.20885117600201253
8.72	0.23032355263270413
8.73	0.25290292061528286
8.74	0.27638068691003725
8.75	0.3005446781456885
8.76	0.3251611774231173
8.77	0.3499515991952272
8.78	0.37457097352500446
8.79	0.39859562434457924
8.8	0.4215258705990351
8.81	0.4428065503632776
8.82	0.46186429675212587
8.83	0.4781566135932921
8.84	0.4912247661469442
8.85	0.5007410151460744
8.860000000000001	0.506541165013164
8.870000000000001	0.5086357509217279
8.88	0.5071970292843826
8.89	0.5025235119444537
8.9	0.49498817173406623
8.91	0.4849797384866356
8.92	0.47284799836792407
8.93	0.4588633590268335
8.940000000000001	0.44319823466557046
8.950000000000001	0.4259335461420573
8.96	0.40708865212050466
8.97	0.3866683157679064
8.98	0.36471681289622754
8.99	0.3413677123641301
9.	0.31687853814367656
9.01	0.29164233566150427
9.020000000000001	0.26617256692825475
9.030000000000001	0.241062886035929
9.040000000000001	0.21692819142887335
9.05	0.19433696548634155
9.06	0.1737465962214596
9.07	0.15545281945271577
9.08	0.13956175958603148
9.09	0.12598883605890251
9.1	0.11448389324705988
9.110000000000001	0.1046772806458277
9.120000000000001	0.09613815810377217
9.13	0.0884346711144162
9.14	0.08118609296826815
9.15	0.07409939325605698
9.16	0.06698640847973839
9.170000000000002	0.05976203921394454
9.180000000000001	0.052427770260412246
9.190000000000001	0.04504750030362144
9.200000000000001	0.037723641791889216
9.21	0.03058055584516752
9.22	0.023759873163310616
9.23	0.017428719463841662
9.24	0.01179812663421079
9.250000000000002	0.00714581947739742
9.260000000000002	0.0038358268446416826
9.270000000000001	0.002327380882060885
9.280000000000001	0.00316735931815417
9.290000000000001	0.00696372358323237
9.3	0.014341329970655575
9.31	0.02588529744806104
9.32	0.04207997668680446
9.330000000000002	0.06325284865644434
9.340000000000002	0.08953208898077458
9.350000000000001	0.12082416711548541
9.360000000000001	0.15681418945394346
9.370000000000001	0.19698750596169887
9.38	0.24066726426343504
9.39	0.2870599287607751
9.4	0.33529985770374277
9.41	0.3844850521472778
9.420000000000002	0.4336989447680725
9.43	0.4820169940932803
9.44	0.5285010445732362
9.45	0.5721879782408252
9.459999999999999	0.6120813074826116
9.469999999999999	0.6471545178462993
9.48	0.6763730472262698
9.49	0.6987381040195397
9.5	0.713350783573602
9.51	0.719490084530668
9.52	0.7166944534472316
9.53	0.704834246957299
9.54	0.6841625209247423
9.549999999999999	0.6553339251776977
9.56	0.6193858308647214
9.57	0.5776813847417287
9.58	0.5318199668562433
9.59	0.4835254740848259
9.6	0.4345260692525646
9.61	0.386439963369569
9.62	0.34068031407872756
9.629999999999999	0.2983887599233606
9.64	0.26040218371745427
9.65	0.22725196006180967
9.66	0.19919018497830665
9.67	0.17623404783579388
9.68	0.1582181089144797
9.69	0.1448449020945667
9.7	0.1357266863345491
9.709999999999999	0.13041467874876483
9.719999999999999	0.12841588175714122
9.73	0.12920082399100496
9.74	0.13220749774294943
9.75	0.1368471332725068
9.76	0.1425162199631328
9.77	0.14861674857133267
9.78	0.1545836607244105
9.790000000000001	0.15991572299065518
9.8	0.16420420627753674
9.81	0.16715333830425907
9.82	0.16858766335295405
9.83	0.16844397072499487
9.84	0.16674879211391172
9.85	0.1635858571854062
9.86	0.15906053027855888
9.870000000000001	0.15326945988903917
9.88	0.1462830782361205
9.89	0.13814619862238806
9.9	0.12889818075762313
9.91	0.11860970270298708
9.92	0.10742900816866509
9.93	0.09562749866229482
9.94	0.0836334217684986
9.950000000000001	0.07204352504944776
9.96	0.06160581348590629
9.97	0.05317144138351937
9.98	0.04761941441608927
9.99	0.04576311889199845
10.	0.04825170120963642
10.01	0.0554811856468268
10.02	0.06752952690764463
10.03	0.08412660470232729
10.040000000000001	0.10466500978941426
10.05	0.12825124368967844
10.06	0.15379075624675645
10.07	0.18009516426998792
10.08	0.2059969013928979
10.09	0.23045593542654283
10.100000000000001	0.25264508095755933
10.110000000000001	0.2720043987958872
10.120000000000001	0.2882604141325019
10.13	0.3014114077852996
10.14	0.3116848467161548
10.15	0.31947632213932886
10.16	0.3252806985156668
10.17	0.3296255016485388
10.180000000000001	0.3330142464667761
10.190000000000001	0.3358840865374054
10.200000000000001	0.33857866770692796
10.21	0.3413341642542635
10.22	0.3442747438294395
10.23	0.3474134051505502
10.24	0.3506551554366818
10.25	0.353801414123361
10.260000000000002	0.35655670331509914
10.270000000000001	0.35854041608545484
10.280000000000001	0.3593071582170263
10.290000000000001	0.3583785129940779
10.3	0.35528710212427583
10.31	0.3496308803345511
10.32	0.3411323564658252
10.33	0.3296946686544251
10.34	0.3154449070759432
10.350000000000001	0.2987553148191868
10.36	0.2802351993169475
10.37	0.2606903355223304
10.379999999999999	0.24105172955020013
10.389999999999999	0.2222809446990452
10.399999999999999	0.20526376220780726
10.41	0.19070683331181468
10.42	0.1790525287265873
10.43	0.17042517372591123
10.44	0.16461751512323158
10.45	0.16112028829794275
10.459999999999999	0.15919114827599806
10.469999999999999	0.1579531450499589
10.479999999999999	0.1565084260731016
10.49	0.15405072209393816
10.5	0.1499607691995607
10.51	0.14387199688303817
10.52	0.135698960503953
10.53	0.12562716303498594
10.54	0.114068982469576
10.549999999999999	0.10159533884903094
10.559999999999999	0.08885569269523551
10.57	0.07649955685006948
10.58	0.0651109797927563
10.59	0.05516390595328756
10.6	0.047001741085538076
10.61	0.040839796965846914
10.62	0.03678545683144444
10.629999999999999	0.034868558956494544
10.639999999999999	0.03507395508548709
10.649999999999999	0.03736937860254808
10.66	0.04172421088249107
10.67	0.04811777585724944
10.68	0.05653865450087089
10.69	0.06697851972674566
10.7	0.07942471944811758
10.709999999999999	0.09385518785156803
10.72	0.11023749741954772
10.73	0.12853151420726977
10.74	0.14869287485430285
10.75	0.17067303944374623
10.76	0.19441148422933582
10.77	0.21981687260267574
10.78	0.24673660918157136
10.79	0.2749175293502752
10.8	0.30396385645015983
10.81	0.333301144420259
10.82	0.36215599345501903
10.83	0.38956043185078704
10.84	0.414386939684544
10.85	0.4354155172601886
10.86	0.4514287168038204
10.87	0.46132514622343346
10.88	0.4642376604043679
10.89	0.45964016855225603
10.9	0.44742726112251796
10.91	0.4279537963406808
10.92	0.4020267930086239
10.93	0.3708486324768145
10.94	0.3359175742035855
10.95	0.2988977516865676
10.959999999999999	0.2614750941792847
10.97	0.22521730429589643
10.98	0.19145486680723506
10.99	0.161196329536012
11.	0.13508549255287972
11.01	0.11340168448498601
11.02	0.09609812343097345
11.030000000000001	0.08286848083913535
11.040000000000001	0.07322892531601023
11.05	0.06660243924761529
11.06	0.062393938144312405
11.07	0.06004814036706082
11.08	0.05908641841976784
11.09	0.05912310180602702
11.1	0.059865079534268645
11.110000000000001	0.061100507604503224
11.120000000000001	0.06268275909372975
11.13	0.0645146332578393
11.14	0.06653575000123566
11.15	0.06871366621141681
11.16	0.07103724928067723
11.17	0.07350977422822713
11.18	0.07613934594804202
11.190000000000001	0.07892552550520365
11.200000000000001	0.08184308093739331
11.21	0.08482598593753123
11.22	0.08775647278036108
11.23	0.09046451661921083
11.24	0.09274223499530991
11.25	0.0943753183546679
11.26	0.09519012079803202
11.27	0.09511110144150565
11.280000000000001	0.09421976201600274
11.290000000000001	0.09280392542253826
11.3	0.09138580906101636
11.31	0.09071919130190834
11.32	0.09174994136528553
11.33	0.09553973392984583
11.340000000000002	0.10315899590578291
11.350000000000001	0.11556093437563393
11.360000000000001	0.13345278294394558
11.370000000000001	0.15718231225789342
11.38	0.18665670984194305
11.39	0.2213071740699978
11.4	0.26010652314587557
11.41	0.30163974586728187
11.420000000000002	0.34421991786026995
11.430000000000001	0.38603550598635383
11.440000000000001	0.42531082222475863
11.450000000000001	0.4604599242659957
11.46	0.490215758374908
11.47	0.5137204543281684
11.48	0.5305686319900927
11.49	0.5408023070364927
11.500000000000002	0.5448623594257159
11.510000000000002	0.5435065599036859
11.520000000000001	0.5377071569223552
11.530000000000001	0.5285417471468462
11.540000000000001	0.5170897628736977
11.55	0.5043439534118502
11.56	0.49114248882089917
11.57	0.47812359997112014
11.58	0.465701690836682
11.590000000000002	0.45406205558708174
11.6	0.44317080561033434
11.61	0.4327971304995577
11.62	0.42254610370861123
11.629999999999999	0.41190130738560093
11.639999999999999	0.4002770486677304
11.65	0.38707952109576005
11.66	0.3717748696666348
11.67	0.35396000331394806
11.68	0.3334296873823209
11.69	0.3102316120075805
11.7	0.2847004293837178
11.709999999999999	0.25746266480733293
11.719999999999999	0.22940710146105184
11.73	0.20161950094734818
11.74	0.17528575996835521
11.75	0.15157294643784613
11.76	0.13150211279993537
11.77	0.11582943206839905
11.78	0.10495239083735579
11.79	0.09885526439118981
11.799999999999999	0.097103137757592
11.81	0.09888703120578989
11.82	0.10311529595237169
11.83	0.10853958556478185
11.84	0.1138985420544769
11.85	0.1180597503872317
11.86	0.12014095811805046
11.87	0.1195949496124394
11.879999999999999	0.11624821642701495
11.889999999999999	0.1102906841497376
11.9	0.10222103062136569
11.91	0.09275835528694426
11.92	0.08273515209721398
11.93	0.07298811138417063
11.94	0.06426212928909218
11.95	0.05713942106636428
11.96	0.05200059114049691
11.97	0.04901890646988399
11.98	0.04818387147404274
11.99	0.04934635996406828
12.	0.05227554471582725
12.01	0.05671779814981395
12.02	0.0624493431196153
12.03	0.06931713112180123
12.040000000000001	0.07726547979277053
12.05	0.08634869266919182
12.06	0.0967316691143459
12.07	0.1086811374577388
12.08	0.12254968628993873
12.09	0.13875359655071917
12.1	0.15774414605422185
12.11	0.17997116103476632
12.120000000000001	0.20583759800688178
12.13	0.23564507488788036
12.14	0.2695324320490018
12.15	0.3074121735245394
12.16	0.348912362062947
12.17	0.3933334715080766
12.18	0.4396301674908276
12.19	0.4864265679870736
12.2	0.5320701691699447
12.21	0.5747246620631631
12.22	0.6124960387529803
12.23	0.6435806736923698
12.24	0.6664195189675572
12.25	0.6798400926091619
12.26	0.6831681649414926
12.270000000000001	0.6762941039894039
12.280000000000001	0.6596843684733041
12.290000000000001	0.6343358220833998
12.3	0.6016782534803761
12.31	0.5634374734843447
12.32	0.5214764840540754
12.33	0.4776346501780746
12.34	0.4335841997296088
12.350000000000001	0.3907199000238515
12.360000000000001	0.35009207597565273
12.370000000000001	0.3123862669624855
12.38	0.2779459571576417
12.39	0.24682909051512766
12.4	0.21888536869718545
12.41	0.19384008953139836
12.42	0.1713715009549465
12.430000000000001	0.15117186029897794
12.440000000000001	0.1329868089394863
12.450000000000001	0.11663234844991556
12.46	0.10199272715903446
12.47	0.08900522513616854
12.48	0.07763881435819203
12.49	0.06787301253234267
12.5	0.059681338910968655
12.51	0.053021253377076256
12.520000000000001	0.047830031803337995
12.530000000000001	0.04402432763566129
12.540000000000001	0.04150058572368816
12.55	0.04013408560406576
12.56	0.03977594647754516
12.57	0.04024941433843555
12.580000000000002	0.04134853212493766
12.590000000000002	0.042843255914390845
12.600000000000001	0.04449480020507143
12.610000000000001	0.04608335129754587
12.620000000000001	0.04744750749401922
12.63	0.048531433289705155
12.64	0.04943250663992049
12.65	0.05043999720425834
12.660000000000002	0.05205471096007555
12.670000000000002	0.0549809518688372
12.680000000000001	0.060085565174201085
12.690000000000001	0.06832379634328953
12.700000000000001	0.08063742078739423
12.71	0.09783604937426073
12.72	0.12047664487484076
12.73	0.14875822796874608
12.740000000000002	0.18244800180478252
12.750000000000002	0.22085164888948638
12.760000000000002	0.26283481853706653
12.770000000000001	0.30689571772227175
12.780000000000001	0.35128140231557553
12.790000000000001	0.3941340573209835
12.8	0.43364930675982327
12.81	0.4682271005474978
12.82	0.4965971972754076
12.830000000000002	0.5179053908601672
12.84	0.5317526552782286
12.85	0.5381862409490165
12.86	0.5376482842492908
12.87	0.5308926403232529
12.879999999999999	0.51888367584461
12.89	0.5026913475437064
12.9	0.48339519212649984
12.91	0.462006418213398
12.92	0.4394129480047989
12.93	0.4163479228886851
12.94	0.3933786801477458
12.95	0.37091108395506883
12.959999999999999	0.3492035522916833
12.97	0.32838598854081114
12.98	0.308480621591524
12.99	0.2894238246307828
13.	0.27108965317930217
13.01	0.25331660199109957
13.02	0.23593868791857509
13.03	0.21882051328852978
13.04	0.20189385292534945
13.05	0.18519115257589283
13.06	0.16886980735081464
13.07	0.15322078388633192
13.08	0.1386563859366144
13.09	0.12567471899364155
13.1	0.11480229583186385
13.11	0.10652054563787915
13.12	0.1011858757895397
13.129999999999999	0.09895552424675706
13.14	0.0997320608239632
13.15	0.10313772289070394
13.16	0.10852591639532486
13.17	0.11503172554802388
13.18	0.12165705361005395
13.19	0.12738015141671527
13.200000000000001	0.13127485169414474
13.21	0.13262266403087813
13.22	0.1310014527133597
13.23	0.12633768432055684
13.24	0.11891467038971736
13.25	0.10933592143668187
13.26	0.09844952342894467
13.27	0.08724518429053672
13.280000000000001	0.07673931661883458
13.290000000000001	0.06786464235904514
13.3	0.06137922419306304
13.31	0.05780593265203975
13.32	0.05740793443042035
13.33	0.06019986282596129
13.34	0.06598896892685967
13.35	0.07443664801608808
13.360000000000001	0.08512885440732101
13.370000000000001	0.09764420123913202
13.38	0.11161070471412637
13.39	0.12674554628570225
13.4	0.14287606873937608
13.41	0.15994365956122206
13.42	0.17799454059014472
13.43	0.1971624106488992
13.44	0.21764737581844534
13.450000000000001	0.23969399356208168
13.46	0.2635691446707861
13.47	0.2895385231022246
13.48	0.31783941966159296
13.49	0.34864756973855304
13.5	0.38203721349714226
13.510000000000002	0.4179359058155297
13.520000000000001	0.4560784461829496
13.530000000000001	0.4959668401738078
13.540000000000001	0.5368447172096769
13.55	0.5776945497258223
13.56	0.6172640965181314
13.57	0.6541248699761484
13.58	0.686760632215755
13.590000000000002	0.7136787858203916
13.600000000000001	0.7335330091376205
13.610000000000001	0.7452425100462933
13.620000000000001	0.7480925101735584
13.63	0.7418023092166148
13.64	0.7265513403282301
13.65	0.7029593932018048
13.66	0.6720236962948051
13.670000000000002	0.6350216984689144
13.680000000000001	0.5933931087714488
13.690000000000001	0.5486172304811836
13.700000000000001	0.5021014600133941
13.71	0.45509409558441416
13.72	0.40862986346121816
13.73	0.36351072674651125
13.74	0.32031867752135623
13.75	0.27945238065917166
13.760000000000002	0.24117655677389216
13.77	0.20567229802238945
13.78	0.1730780821322743
13.79	0.14351462803735807
13.799999999999999	0.11709113122096093
13.809999999999999	0.09389487832401575
13.82	0.07396985645792048
13.83	0.0572920528894198
13.84	0.04374935096028852
13.85	0.03313234539390293
13.86	0.02513948131483545
13.87	0.01939639173980446
13.879999999999999	0.015485996604759043
13.889999999999999	0.012983580834239008
13.9	0.011490195058987211
13.91	0.010658476456413674
13.92	0.010207146878238047
13.93	0.00992346575669196
13.94	0.009656053652647791
13.95	0.009302987868955802
13.959999999999999	0.00880128070532964
13.969999999999999	0.008123450940713685
13.98	0.007284928289226608
13.99	0.0063628970163960566
14.	0.005523583520236297
14.01	0.005051757294632642
14.02	0.005374136585096178
14.03	0.007068041590535815
14.04	0.010848239437364767
14.049999999999999	0.017528283466180905
14.059999999999999	0.027957184496031087
14.07	0.04293710494406013
14.08	0.06313197075367236
14.09	0.08897957224691512
14.1	0.12062026612582756
14.11	0.15785359255143439
14.12	0.20013023322087733
14.13	0.2465814220989532
14.14	0.2960821325241279
14.15	0.3473391601060006
14.16	0.398991555033654
14.17	0.4497093946109368
14.18	0.49827787044510385
14.19	0.5436568703411281
14.2	0.5850110169148
14.21	0.621710546621797
14.22	0.6533084342513359
14.23	0.679502851906599
14.24	0.7000957475420638
14.25	0.7149577957924378
14.26	0.7240074218505825
14.27	0.7272076331884804
14.28	0.7245798845261603
14.290000000000001	0.7162301005225459
14.3	0.7023791245825715
14.31	0.6833888025818173
14.32	0.6597758069765636
14.33	0.6322079039795568
14.34	0.6014810566758362
14.35	0.5684797170396471
14.36	0.534126030640278
14.37	0.4993257483574202
14.38	0.4649189966647194
14.39	0.4316426711410692
14.4	0.40010843921663825
14.41	0.3707968217281574
14.42	0.34406437791619443
14.43	0.3201584303104037
14.440000000000001	0.29923262219393854
14.450000000000001	0.28135716057612425
14.46	0.2665197340982208
14.47	0.254616318127017
14.48	0.2454346408162564
14.49	0.238636140622082
14.5	0.23374404313093755
14.51	0.23014522600941173
14.520000000000001	0.2271117014086617
14.530000000000001	0.22384411183710756
14.540000000000001	0.21953525580670813
14.55	0.2134472141553591
14.56	0.20499207106638143
14.57	0.19380430846750502
14.58	0.17979318138573785
14.59	0.16316581944577352
14.600000000000001	0.14441606890312203
14.610000000000001	0.12427943864095843
14.620000000000001	0.10365996055417602
14.63	0.08353930082909233
14.64	0.06488121050502035
14.65	0.04854486431952635
14.66	0.03521872920827171
14.67	0.025382706670332773
14.68	0.01930116508412745
14.690000000000001	0.017044105438007856
14.700000000000001	0.01852910419743858
14.71	0.023573696536640494
14.72	0.0319470115347402
14.73	0.04341082495299181
14.74	0.05774339143027589
14.750000000000002	0.07474373476016417
14.760000000000002	0.0942185864305521
14.770000000000001	0.11595793188982491
14.780000000000001	0.13970739567514362
14.790000000000001	0.1651460488447022
14.8	0.19187664754585146
14.81	0.21943220982827777
14.82	0.24729892428931813
14.830000000000002	0.2749515328787964
14.840000000000002	0.3018943858942736
14.850000000000001	0.32769996553065545
14.860000000000001	0.3520371085371776
14.870000000000001	0.3746833200032661
14.88	0.39551897540421943
14.89	0.41450510475166985
14.9	0.43164998410603034
14.910000000000002	0.4469721494457773
14.920000000000002	0.4604681678561769
14.930000000000001	0.4720923857249278
14.940000000000001	0.48175315687883274
14.950000000000001	0.48932631934763066
14.96	0.4946827475989157
14.97	0.49772352013718174
14.98	0.4984143398209647
14.99	0.496810764342014
15.000000000000002	0.49306759669841105