0.	1.
0.01	0.9987009299392836
0.02	0.9948148561506924
0.03	0.9883750168459564
0.04	0.9794362429549082
0.05	0.9680741222071853
0.06	0.9543838548958443
0.07	0.9384788264905893
0.08	0.9204889282318776
0.09	0.9005586619358432
0.1	0.8788450693401673
0.11	0.8555155293218097
0.12	0.8307454681525871
0.13	0.8047160285987359
0.14	0.7776117431237719
0.15	0.7496182547646353
0.16	0.7209201264982299
0.17	0.6916987762090557
0.18	0.6621305698457995
0.19	0.632385100174263
0.2	0.6026236728707993
0.21000000000000002	0.5729980157390218
0.22	0.543649220760925
0.23	0.5147069226963934
0.24	0.4862887121977955
0.25	0.45849977606921366
0.26	0.43143275251312085
0.27	0.4051677850867699
0.28	0.3797727557247046
0.29000000000000004	0.35530367463136514
0.3	0.33180520313696565
0.31	0.3093112847386015
0.32	0.28784585948561386
0.33	0.26742363755576387
0.34	0.24805090922546053
0.35	0.2297263703625201
0.36	0.21244194494844415
0.37	0.19618358884420245
0.38	0.18093206191987038
0.39	0.1666636586460804
0.4	0.15335089017206838
0.41000000000000003	0.14096311367964615
0.42000000000000004	0.12946710730798916
0.43	0.1188275911118938
0.44	0.10900769628765904
0.45	0.09996938623952648
0.46	0.09167383395131383
0.47000000000000003	0.08408176058037997
0.48	0.0771537402324616
0.49	0.07085047555277998
0.5	0.06513304814292763
0.51	0.05996314695790384
0.52	0.05530327683460665
0.53	0.051116948236843235
0.54	0.04736884825656125
0.55	0.04402499196561329
0.56	0.04105285243732528
0.5700000000000001	0.03842146721067626
0.5800000000000001	0.03610151869552457
0.5900000000000001	0.0340653860415785
0.6	0.03228716632542498
0.61	0.03074266353924441
0.62	0.02940934476448044
0.63	0.028266264040054438
0.64	0.027293955729887624
0.65	0.02647430058940459
0.66	0.025790369148339588
0.67	0.0252262483864041
0.68	0.024766858897895445
0.6900000000000001	0.024397770743800708
0.7000000000000001	0.024105026905721423
0.71	0.023874983626845297
0.72	0.023694176907394917
0.73	0.023549223988695973
0.74	0.02342676780302216
0.75	0.02331347109712719
0.76	0.02319606528691735
0.77	0.023061457118900577
0.78	0.02289689396787236
0.79	0.02269018617138325
0.8	0.022429982283003674
0.81	0.02210609061912881
0.8200000000000001	0.0217098380825024
0.8300000000000001	0.021234455073512532
0.8400000000000001	0.020675473446055425
0.8500000000000001	0.020031123017353443
0.86	0.019302711175953387
0.87	0.01849496970762129
0.88	0.01761635311347906
0.89	0.016679273445041498
0.9	0.015700258020097904
0.91	0.014700018281492679
0.92	0.013703420464787508
0.93	0.012739351576331971
0.9400000000000001	0.011840477357533127
0.9500000000000001	0.011042892315780017
0.9600000000000001	0.010385665417827447
0.97	0.009910288540817026
0.98	0.009660038130813873
0.99	0.009679263602964835
1.	0.010012618713275353
1.01	0.01070425433427842
1.02	0.011796992687161856
1.03	0.013331504053412142
1.04	0.015345507265380524
1.05	0.017873014838492608
1.06	0.020943642465750045
1.07	0.024582000781837227
1.08	0.02880718487918537
1.09	0.03363237410478025
1.1	0.039064551287870126
1.11	0.04510434686515892
1.12	0.051746009513904255
1.1300000000000001	0.05897750101404582
1.1400000000000001	0.06678070927946916
1.1500000000000001	0.07513176996346636
1.1600000000000001	0.08400148388339364
1.17	0.09335581483938024
1.18	0.1031564503183735
1.19	0.1133614061522762
1.2	0.12392565548669406
1.21	0.13480176243705927
1.22	0.14594050155569677
1.23	0.15729144567286082
1.24	0.1688035067464148
1.25	0.18042541697357656
1.26	0.19210614047799124
1.27	0.20379520926302153
1.28	0.21544298068213352
1.29	0.2270008172769692
1.3	0.23842119332914932
1.31	0.24965773572314828
1.32	0.26066520959444933
1.33	0.27139946162416995
1.34	0.2818173356422899
1.35	0.2918765763435183
1.36	0.3015357373558048
1.37	0.31075410961259275
1.3800000000000001	0.3194916849760523
1.3900000000000001	0.327709168378116
1.4000000000000001	0.33536804945462106
1.4100000000000001	0.34243074183544514
1.42	0.3488607950312969
1.43	0.3546231803540373
1.44	0.35968464866191596
1.45	0.3640141540804854
1.46	0.36758333436120555
1.47	0.3703670353452462
1.48	0.37234386423116367
1.49	0.3734967541178984
1.5	0.37381352070442236
1.51	0.37328739114576714
1.52	0.3719174849365149
1.53	0.36970922733281014
1.54	0.3666746772187003
1.5499999999999998	0.3628327534291468
1.56	0.35820934629007656
1.57	0.35283730442994654
1.58	0.34675629064088076
1.59	0.34001250458715
1.6	0.33265827432913203
1.61	0.32475152280048
1.62	0.3163551193928467
1.6300000000000001	0.30753613051931533
1.6400000000000001	0.2983649863086697
1.6500000000000001	0.2889145833076995
1.6600000000000001	0.2792593451384163
1.6700000000000002	0.26947426439596145
1.6800000000000002	0.25963394963306663
1.69	0.2498117010385707
1.7	0.2400786373909515
1.71	0.23050289509199315
1.72	0.22114891762710265
1.73	0.2120768507485966
1.74	0.20334205514886405
1.75	0.19499474451101848
1.76	0.1870797527364438
1.77	0.17963642999928428
1.78	0.17269866321566563
1.79	0.16629501268402205
1.8	0.16044895318591537
1.81	0.1551792048524093
1.82	0.15050013669864779
1.83	0.14642222398466495
1.84	0.14295253952416054
1.85	0.1400952587583252
1.86	0.13785215883432164
1.87	0.13622309304611888
1.8800000000000001	0.1352064237519424
1.8900000000000001	0.134799399197283
1.9000000000000001	0.134998462445664
1.9100000000000001	0.13579948373586767
1.9200000000000002	0.1371979109183807
1.9300000000000002	0.13918883604393772
1.94	0.14176697955148473
1.95	0.1449265967046509
1.96	0.14866131383770845
1.97	0.15296390449092623
1.98	0.15782601755617004
1.99	0.16323787105263568
2.	0.16918792606893376
2.01	0.17566255572510858
2.02	0.18264572373481916
2.03	0.190118686315854
2.04	0.19805972986046833
2.05	0.206443955008978
2.06	0.21524311565978546
2.07	0.2244255190977179
2.08	0.23395599093837074
2.09	0.24379590608025944
2.1	0.2539032844377287
2.11	0.2642329479977674
2.12	0.2747367337941185
2.13	0.2853637557984364
2.14	0.296060707548831
2.15	0.3067721966088448
2.16	0.3174411016909716
2.17	0.3280089434822998
2.18	0.3384162608482743
2.19	0.34860298511622906
2.2	0.35850880648773803
2.21	0.36807352821757927
2.2199999999999998	0.37723740593612287
2.23	0.38594147128278977
2.2399999999999998	0.3941278407606843
2.25	0.4017400123184002
2.26	0.4087231535228976
2.27	0.41502438622733745
2.28	0.4205930732941651
2.29	0.4253811131595432
2.3	0.4293432477933837
2.31	0.43243738891477335
2.32	0.43462496618305213
2.33	0.43587129953976694
2.34	0.4361459959865855
2.35	0.43542336892764283
2.36	0.43368287587595217
2.37	0.43090956792802637
2.38	0.42709454206149505
2.39	0.4222353851225888
2.4	0.4163365964565274
2.41	0.4094099745996796
2.42	0.4014749523909278
2.43	0.39255886434829884
2.44	0.38269713025253266
2.45	0.3719333396160742
2.46	0.3603192231037154
2.47	0.3479144989927305
2.48	0.33478658537402833
2.49	0.3210101719338528
2.5	0.30666664872804444
2.5100000000000002	0.2918433932577017
2.52	0.2766329212503608
2.5300000000000002	0.2611319107069199
2.54	0.24544011284754194
2.5500000000000003	0.22965916743440232
2.56	0.21389134342474717
2.57	0.19823822888305456
2.5799999999999996	0.18279939643999268
2.59	0.16767107223140126
2.5999999999999996	0.1529448371091231
2.61	0.13870638893984522
2.6199999999999997	0.12503439397943858
2.63	0.11199945363895616
2.6399999999999997	0.09966321048475739
2.65	0.0880776141068555
2.6599999999999997	0.07728436364115461
2.67	0.06731453935913173
2.6799999999999997	0.05818843097868135
2.69	0.04991556535133351
2.6999999999999997	0.04249493110225721
2.71	0.03591539280095681
2.7199999999999998	0.030156282480789477
2.73	0.025188151953870846
2.7399999999999998	0.02097366552058045
2.75	0.01746860946696767
2.76	0.014622992273600765
2.77	0.012382207794366617
2.78	0.010688232844066066
2.79	0.009480830670304443
2.8	0.008698732659891295
2.81	0.008280772295751571
2.82	0.00816694776389861
2.83	0.008299392614536117
2.84	0.00862323739050225
2.85	0.009087349018669434
2.86	0.009644938874290916
2.87	0.010254034628767174
2.88	0.010877815132958614
2.89	0.01148481153233997
2.9	0.012048981429645923
2.91	0.012549666093732691
2.92	0.01297144336841327
2.93	0.013303890992995894
2.94	0.013541276462905974
2.95	0.01368219031579084
2.96	0.013729139833427714
2.97	0.013688119635078775
2.98	0.013568174559097005
2.99	0.013380968662136034
3.	0.013140372201286825
3.0100000000000002	0.012862076208209021
3.02	0.012563241827834148
3.0300000000000002	0.012262189092286938
3.04	0.011978127346046056
3.0500000000000003	0.011730927236949481
3.06	0.011540932134249005
3.0700000000000003	0.011428805109407414
3.08	0.011415406279534104
3.0900000000000003	0.011521694408761277
3.1	0.011768646209357003
3.1100000000000003	0.012177186779580905
3.12	0.012768125035435812
3.1300000000000003	0.01356208879456659
3.14	0.01457945529096732
3.1500000000000004	0.015840274262573843
3.16	0.017364182273074968
3.17	0.019170308510472914
3.1799999999999997	0.02127717385198557
3.19	0.023702586403997833
3.1999999999999997	0.026463537929948575
3.21	0.02957610649218783
3.2199999999999998	0.033055371194386216
3.23	0.03691534507512542
3.2399999999999998	0.041168931946598215
3.25	0.04582791229206657
3.26	0.050902962250324264
3.27	0.05640370826477126
3.28	0.06233881821793249
3.29	0.06871612788596936
3.3	0.0755427994224641
3.31	0.08282550641720161
3.32	0.09057063798063342
3.33	0.0987845123859767
3.34	0.1074735891627956
3.35	0.11664466727449364
3.36	0.12630505621056795
3.37	0.13646270654916787
3.38	0.14712628684281379
3.39	0.15830519457339728
3.4	0.17000949041108487
3.41	0.1822497470691596
3.42	0.19503680662237372
3.43	0.20838144317555263
3.44	0.22229393113641951
3.45	0.23678352294848373
3.46	0.25185784384881327
3.47	0.2675222148955241
3.48	0.2837789190196401
3.49	0.30062642805720224
3.5	0.318058611477016
3.5100000000000002	0.3360639497176255
3.52	0.35462477658020064
3.5300000000000002	0.3737165759106017
3.54	0.3933073577866917
3.5500000000000003	0.41335713857700934
3.56	0.4338175475539154
3.5700000000000003	0.4546315802587213
3.58	0.4757335155865806
3.5900000000000003	0.4970490096731106
3.6	0.5184953752336868
3.6100000000000003	0.5399820501640243
3.62	0.561411254106629
3.6300000000000003	0.5826788264834989
3.64	0.6036752343583704
3.65	0.624286733588973
3.6599999999999997	0.6443966622224383
3.67	0.6638868411243628
3.6799999999999997	0.6826390535459643
3.69	0.7005365728345095
3.6999999999999997	0.7174657058632298
3.71	0.7333173190534955
3.7199999999999998	0.747988314107607
3.73	0.7613830217571164
3.7399999999999998	0.7734144839192385
3.75	0.784005597573099
3.76	0.7930900973204431
3.77	0.8006133578610415
3.78	0.8065330023501195
3.79	0.8108193076588012
3.8	0.8134554027642529
3.81	0.8144372616876532
3.82	0.8137734974107729
3.83	0.8114849678819589
3.84	0.8076042094280506
3.85	0.8021747165001054
3.86	0.7952500895988147
3.87	0.7868930753791238
3.88	0.7771745242795476
3.89	0.7661722915464136
3.9	0.7539701072430015
3.91	0.7406564397921289
3.92	0.7263233758686063
3.93	0.7110655371279532
3.94	0.694979051441385
3.95	0.6781605931302033
3.96	0.6607065032894869
3.97	0.6427119977997215
3.98	0.6242704671810757
3.99	0.6054728691777382
4.	0.5864072119847081