0.	1.
0.01	0.9883740806827914
0.02	0.9543699839786345
0.03	0.9004971951565574
0.04	0.8305862686787632
0.05	0.749325677073802
0.06	0.6617282754949666
0.07	0.5726120108659638
0.08	0.48616912810852814
0.09	0.40567434455805285
0.1	0.3333517663241861
0.11	0.27039022973575255
0.12	0.21707379571484509
0.13	0.17298223622042877
0.14	0.1372161189757966
0.15	0.10861003729601008
0.16	0.08591122139651135
0.17	0.0679144175485193
0.18	0.053553883472285936
0.19	0.041958076269945944
0.2	0.03247281314220486
0.21000000000000002	0.024656690937750674
0.22	0.01825114149983326
0.23	0.01312868033494666
0.24	0.009227038423552183
0.25	0.006482487347035838
0.26	0.004780046666873786
0.27	0.003938504620321914
0.28	0.0037424720227875086
0.29000000000000004	0.0040222162869733985
0.3	0.004767243368915289
0.31	0.006245675746874987
0.32	0.00909306415873479
0.33	0.014334984198859948
0.34	0.023318865713724452
0.35	0.03755022268351022
0.36	0.058452261231251364
0.37	0.08708957577164257
0.38	0.12391021040624954
0.39	0.16856154395145556
0.4	0.21982321160558413
0.41000000000000003	0.2756771657881901
0.42000000000000004	0.3335065485292032
0.43	0.39038833150927243
0.44	0.4434262595522629
0.45	0.490064827424595
0.46	0.5283327324500272
0.47000000000000003	0.5569828119203258
0.48	0.5755195324938466
0.49	0.5841282086148057
0.5	0.5835366365109886
0.51	0.5748464236474363
0.52	0.5593677659924566
0.53	0.5384804815243328
0.54	0.5135302858753525
0.55	0.48575739024252795
0.56	0.45624800917183916
0.5700000000000001	0.4258994445308873
0.5800000000000001	0.3953946756633839
0.5900000000000001	0.3651895699349421
0.6	0.3355210793292079
0.61	0.30644512775538674
0.62	0.27790734813956625
0.63	0.2498398509195989
0.64	0.22226622801593232
0.65	0.1953892638347131
0.66	0.16963489710542765
0.67	0.14563340086207052
0.68	0.12413335484728132
0.6900000000000001	0.10586207558023134
0.7000000000000001	0.09136255013308184
0.71	0.080846482317022
0.72	0.07410241181833627
0.73	0.07048648478876134
0.74	0.06900398159749184
0.75	0.06846727449403642
0.76	0.06769664821527886
0.77	0.06571973573997174
0.78	0.06192617563903148
0.79	0.05614617647820376
0.8	0.048641468945864914
0.81	0.040018981056697454
0.8200000000000001	0.03109537152400318
0.8300000000000001	0.022749541104099255
0.8400000000000001	0.015798384264272027
0.8500000000000001	0.0109195778532464
0.86	0.008628151730029267
0.87	0.009296446648519682
0.88	0.013195079711884114
0.89	0.020529088775507565
0.9	0.03144905164773567
0.91	0.04602930123563405
0.92	0.06421995296260885
0.93	0.0857913167142598
0.9400000000000001	0.11029442087543216
0.9500000000000001	0.13705816805500493
0.9600000000000001	0.1652331906858928
0.97	0.19387825850841303
0.98	0.22207176884070162
0.99	0.24902272765569397
1.	0.2741552576187761
1.01	0.2971480521765398
1.02	0.31792283519823356
1.03	0.33658965220747866
1.04	0.3533673376828186
1.05	0.36850160684417943
1.06	0.3821999805006498
1.07	0.394593744421099
1.08	0.4057258742615823
1.09	0.41555452457440134
1.1	0.42395771516680264
1.11	0.4307276943922864
1.12	0.4355520330835969
1.1300000000000001	0.43798951500895283
1.1400000000000001	0.4374579403326943
1.1500000000000001	0.4332540570104542
1.1600000000000001	0.4246208413709147
1.17	0.41086485109772325
1.18	0.3915096856292435
1.19	0.3664558369700619
1.2	0.33610777180060164
1.21	0.3014298413815448
1.22	0.26390461994487496
1.23	0.22538821585364796
1.24	0.18788181418423472
1.25	0.15326056997609774
1.26	0.12301379825696684
1.27	0.09805029387818191
1.28	0.07860912965751991
1.29	0.06429266878537859
1.3	0.05421083336499534
1.31	0.047201053281079694
1.32	0.04207303729620512
1.33	0.037825187024402684
1.34	0.033790156158419855
1.35	0.029687300184338697
1.36	0.02558373741522852
1.37	0.021786978563894003
1.3800000000000001	0.018705315421901736
1.3900000000000001	0.01671474009487899
1.4000000000000001	0.01606362005334504
1.4100000000000001	0.016831968187075066
1.42	0.018945760568759174
1.43	0.02223316998284646
1.44	0.026502113334510198
1.45	0.03161811529962296
1.46	0.03756674129880691
1.47	0.04449269360064891
1.48	0.052714663059716144
1.49	0.06271867425357776
1.5	0.07513224928309876
1.51	0.09067852337019665
1.52	0.11010614782795565
1.53	0.13409035108962383
1.54	0.1631048288761229
1.5499999999999998	0.19727318339427116
1.56	0.23622020268626903
1.57	0.27895348490282407
1.58	0.32381045645100803
1.59	0.36850146866513145
1.6	0.41026550733262523
1.61	0.4461332181796806
1.62	0.47326722804346705
1.6300000000000001	0.48932841474840116
1.6400000000000001	0.4928048916455013
1.6500000000000001	0.4832420294882754
1.6600000000000001	0.461327514172108
1.6700000000000002	0.4288122066738236
1.6800000000000002	0.38827938729050826
1.69	0.34280433845279756
1.7	0.29556621669062105
1.71	0.2494802736440558
1.72	0.20690979375367016
1.73	0.1694964571017113
1.74	0.1381208949025137
1.75	0.11297885218234982
1.76	0.0937387371865959
1.77	0.07973719939999083
1.78	0.07017133119780845
1.79	0.06425668991486548
1.8	0.061335147045446056
1.81	0.060930705552287405
1.82	0.0627611146604937
1.83	0.06671676140330869
1.84	0.07281676891954472
1.85	0.08114815855374774
1.86	0.09179064337731946
1.87	0.1047296798185488
1.8800000000000001	0.11976457869745155
1.8900000000000001	0.13642537178913605
1.9000000000000001	0.15391864830525423
1.9100000000000001	0.1711250547426036
1.9200000000000002	0.18666678686949478
1.9300000000000002	0.1990514652392908
1.94	0.2068811939848783
1.95	0.20909661361840173
1.96	0.20521082938277055
1.97	0.1954822474135364
1.98	0.18098153421960417
1.99	0.16352591815809445
2.	0.1454803056093121
2.01	0.1294530801543892
2.02	0.11793795286276708
2.03	0.11296581522030877
2.04	0.11582891171362712
2.05	0.12692416346584195
2.06	0.145737081699429
2.07	0.1709588245809963
2.08	0.20070366459958008
2.09	0.2327782678481704
2.1	0.2649507658081017
2.11	0.29517617896332476
2.12	0.3217517666654554
2.13	0.3433958810728271
2.14	0.35926126787915463
2.15	0.36890431972025783
2.16	0.37223393136747146
2.17	0.369458473366153
2.18	0.36104023436173066
2.19	0.3476575360250083
2.2	0.3301690112607374
2.21	0.30957389590235196
2.2199999999999998	0.28696603773963875
2.23	0.2634852458244076
2.2399999999999998	0.24027433789469568
2.25	0.21845103835047627
2.26	0.19909960074018757
2.27	0.18327870680502095
2.28	0.17203276511999244
2.29	0.1663870576001132
2.3	0.16730666178050876
2.31	0.17560632948055904
2.32	0.19181257435904164
2.33	0.21599662529938968
2.34	0.24761252471512044
2.35	0.2853832653051815
2.36	0.3272757958899519
2.37	0.37059215707088194
2.38	0.41218141442048395
2.39	0.44875071552149276
2.4	0.47723037757241193
2.41	0.49513361085984003
2.42	0.5008502365887274
2.43	0.49382608025059993
2.44	0.4746025288717524
2.45	0.4447182140568743
2.46	0.40650002798445906
2.47	0.36278767478253804
2.48	0.31664121597327316
2.49	0.27107450712506886
2.5	0.22884222244879945
2.5100000000000002	0.19228964840714738
2.52	0.16325835369704317
2.5300000000000002	0.14303163323234108
2.54	0.13230308517817616
2.5500000000000003	0.13115859791042683
2.56	0.1390727287274455
2.57	0.15493015945214386
2.5799999999999996	0.17708736412072307
2.59	0.20348654475814776
2.5999999999999996	0.23182374168836095
2.61	0.2597588429127904
2.6199999999999997	0.2851416107394863
2.63	0.30621946470350775
2.6399999999999997	0.32179276013997227
2.65	0.3312922760392875
2.6599999999999997	0.33476937877513624
2.67	0.33280754213160657
2.6799999999999997	0.3263794868313008
2.69	0.31668288160145364
2.6999999999999997	0.3049871935877862
2.71	0.2925155355812833
2.7199999999999998	0.28037139577973047
2.73	0.26950557664923336
2.7399999999999998	0.26070808590788386
2.75	0.2546061675314837
2.76	0.25165371495041045
2.77	0.2521069533994653
2.78	0.2559926268415316
2.79	0.2630835688656055
2.8	0.27289906232831895
2.81	0.2847425609094409
2.82	0.29777854881433513
2.83	0.3111371441672138
2.84	0.3240241178403288
2.85	0.33580938235243596
2.86	0.3460708430008598
2.87	0.3545821890680369
2.88	0.3612494692717227
2.89	0.3660171768896053
2.9	0.3687749515621379
2.91	0.3692972709649383
2.92	0.36723975716512164
2.93	0.36219916407638414
2.94	0.35382446734834444
2.95	0.341949596534537
2.96	0.3267094330443639
2.97	0.3086026894780503
2.98	0.2884779318170576
2.99	0.2674388820685347
3.	0.24668664927741385
3.0100000000000002	0.2273335738256863
3.02	0.21023113106263913
3.0300000000000002	0.19585074221755477
3.04	0.1842426005792505
3.0500000000000003	0.17507783538152588
3.06	0.1677591971322593
3.0700000000000003	0.1615705085138401
3.08	0.15582914996560257
3.0900000000000003	0.1500097674539199
3.1	0.14381915220358232
3.1100000000000003	0.13721760752036247
3.12	0.1303960969774019
3.1300000000000003	0.12372694560539607
3.14	0.11770687691605244
3.1500000000000004	0.11290542892053095
3.16	0.10992232144834936
3.17	0.10934833110182758
3.1799999999999997	0.11171951047843315
3.19	0.11745628638033383
3.1999999999999997	0.12678671213183748
3.21	0.13966414423142756
3.2199999999999998	0.15569958963373884
3.23	0.1741336342183102
3.2399999999999998	0.1938694291450128
3.25	0.21357647462960555
3.26	0.2318575301584274
3.27	0.24745268629941194
3.28	0.25944099322736375
3.29	0.26739562216298496
3.3	0.27145545420015116
3.31	0.27229314065294746
3.32	0.2709829307940733
3.33	0.2687948890570242
3.34	0.26695931830411196
3.35	0.2664516789213758
3.36	0.2678423969969869
3.37	0.27123943609901635
3.38	0.2763289611295494
3.39	0.2824969177717613
3.4	0.28899765688996754
3.41	0.29512869416482496
3.42	0.3003742366013957
3.43	0.30449215686871317
3.44	0.3075354091646408
3.45	0.309814477924457
3.46	0.31181819497867774
3.47	0.3141140595817214
3.48	0.3172464696762625
3.49	0.3216445627728595
3.5	0.32754424595128767
3.5100000000000002	0.3349246870449284
3.52	0.3434597024550543
3.5300000000000002	0.3524886032408177
3.54	0.36101667780903474
3.5500000000000003	0.3677591052446982
3.56	0.37124056128074207
3.5700000000000003	0.369954606057315
3.58	0.3625730785524621
3.5900000000000003	0.34817952507482125
3.6	0.32648703629539133
3.6100000000000003	0.29799466488845666
3.62	0.264041148500762
3.6300000000000003	0.22673043510876106
3.64	0.18872770053263968
3.65	0.1529516663295177
3.6599999999999997	0.12221231094310785
3.67	0.0988563788796354
3.6799999999999997	0.08448269357142639
3.69	0.07977496478313749
3.6999999999999997	0.08447501075652168
3.71	0.0974902877257295
3.7199999999999998	0.11710355619044333
3.73	0.14123565507653704
3.7399999999999998	0.16770826440000913
3.75	0.19446220384785567
3.76	0.21970481241705866
3.77	0.24198158011930057
3.78	0.2601862338022915
3.79	0.2735350006011864
3.8	0.2815325254895766
3.81	0.2839497772704271
3.82	0.2808217410565536
3.83	0.27245960492461735
3.84	0.259463048098155
3.85	0.24271592607992265
3.86	0.22335336933421415
3.87	0.20269782851690196
3.88	0.18217208633635104
3.89	0.1632047021895542
3.9	0.14714498483060892
3.91	0.1351998276664401
3.92	0.12839541145056643
3.93	0.1275564483988231
3.94	0.1332883648820844
3.95	0.1459466889816996
3.96	0.16558390834213454
3.97	0.19187562149793574
3.98	0.22404121169603267
3.99	0.2607848371587766
4.	0.3002861246572558