0.	1.
0.01	0.9951138438631092
0.02	0.9806202341329173
0.03	0.9570043545652244
0.04	0.9250442430928615
0.05	0.8857672972661002
0.06	0.8403939775560051
0.07	0.7902728130539042
0.08	0.7368113407057308
0.09	0.6814077417118105
0.1	0.6253876775039082
0.11	0.569950210193447
0.12	0.5161257880189992
0.13	0.46474817843770794
0.14	0.41644104697690565
0.15	0.37161871792586676
0.16	0.33049961387288423
0.17	0.2931300373867456
0.18	0.2594153872370265
0.19	0.22915562207855486
0.2	0.20208179579507898
0.21	0.17789076324300074
0.22	0.1562756438496645
0.23	0.1369502695228446
0.24	0.11966656166349075
0.25	0.10422450928286127
0.26	0.09047509296362154
0.27	0.07831706649088731
0.28	0.06768893351808689
0.29	0.05855772114526159
0.3	0.05090625204303939
0.31	0.044720561692861566
0.32	0.0399789180637144
0.33	0.0366436055861496
0.34	0.03465626570617582
0.35	0.03393717602795241
0.36	0.03438843170492259
0.37	0.03590059665521791
0.38	0.03836204548540477
0.39	0.041669943009570824
0.4	0.045741625907712746
0.41000000000000003	0.05052507436701137
0.42000000000000004	0.056007198672805646
0.43	0.062218818012688214
0.44	0.0692354696921113
0.45	0.07717354128943332
0.46	0.08618164177293398
0.47	0.09642758762079245
0.48	0.10808183712175774
0.49	0.12129861691480273
0.5	0.13619630593859747
0.51	0.1528388342107822
0.52	0.171219887349546
0.53	0.19125156619894715
0.54	0.21275883501412032
0.55	0.23548062081047588
0.56	0.25907783848246213
0.5700000000000001	0.2831479647540395
0.5800000000000001	0.30724513357318806
0.5900000000000001	0.3309041453443705
0.6000000000000001	0.353666338409289
0.61	0.3751050184566997
0.62	0.3948481170133189
0.63	0.4125959673345285
0.64	0.4281325320315862
0.65	0.44132905257283545
0.66	0.45213985435173026
0.67	0.4605908534995801
0.68	0.4667620858466054
0.6900000000000001	0.4707662286008846
0.7	0.47272553693577307
0.71	0.47274981647215064
0.72	0.4709179712799061
0.73	0.46726530884059175
0.74	0.4617781826083347
0.75	0.4543967710150431
0.76	0.44502591139300557
0.77	0.4335530223591469
0.78	0.4198713538279178
0.79	0.4039061855046893
0.8	0.38564121882738384
0.81	0.36514231381613854
0.8200000000000001	0.3425759204968725
0.8300000000000001	0.3182200225897323
0.8400000000000001	0.2924660988049362
0.85	0.2658114419579551
0.86	0.23884207200567847
0.87	0.2122073457484665
0.88	0.18658811883350954
0.89	0.16266088487746028
0.9	0.14106065337148463
0.91	0.12234540930500788
0.92	0.10696482634605507
0.9299999999999999	0.09523550965255814
0.94	0.08732447169253754
0.95	0.08324185625060321
0.96	0.08284318991784152
0.97	0.08584072367464708
0.98	0.09182278906552424
0.99	0.10027958077432658
1.	0.11063342129349556
1.01	0.12227137820761458
1.02	0.13457808875725796
1.03	0.14696678453901224
1.04	0.15890677585845664
1.05	0.16994601830626593
1.06	0.1797278086779781
1.07	0.18800110884695992
1.08	0.1946244427584937
1.0899999999999999	0.19956372563087232
1.1	0.2028847428553743
1.1099999999999999	0.20474128105523465
1.1199999999999999	0.20536011213626418
1.13	0.20502413436633732
1.14	0.20405497859604596
1.15	0.20279629365080815
1.16	0.20159873916644144
1.17	0.20080744933660644
1.18	0.20075240640578784
1.19	0.20174180398063624
1.2	0.20405811864599122
1.21	0.2079562789790209
1.22	0.213663059726305
1.23	0.2213766686825543
1.24	0.23126546076452043
1.25	0.24346482297578617
1.26	0.2580715260950377
1.27	0.2751352182205161
1.28	0.294647209242623
1.29	0.3165272164187928
1.3	0.3406092509913536
1.31	0.36662826050429087
1.32	0.39420943932861857
1.33	0.4228622286456272
1.34	0.45198091130380336
1.35	0.48085335374393134
1.36	0.5086788700038226
1.37	0.5345954220386623
1.3800000000000001	0.5577154910401589
1.3900000000000001	0.577169039756075
1.4	0.5921511302467981
1.4100000000000001	0.6019710599019477
1.42	0.6060994156425767
1.43	0.6042092866919431
1.44	0.596208056402776
1.45	0.5822567159974734
1.46	0.5627744749389485
1.47	0.5384275180743204
1.48	0.5101019855950815
1.49	0.47886251716249906
1.5	0.4458988885192378
1.51	0.41246426536066677
1.52	0.37980931024627795
1.53	0.3491167361085151
1.54	0.32144087076311534
1.55	0.29765638436785863
1.56	0.27841957619778906
1.57	0.26414459051557565
1.58	0.25499572986966956
1.59	0.25089576786751383
1.6	0.25154894494762875
1.61	0.2564762639947624
1.62	0.2650598736480383
1.6300000000000001	0.27659279608510556
1.6400000000000001	0.29033005323673194
1.6500000000000001	0.3055373701406202
1.6600000000000001	0.3215340570007342
1.6700000000000002	0.33772733901565627
1.6800000000000002	0.3536362445205727
1.6900000000000002	0.3689040974470695
1.7000000000000002	0.38329960813949804
1.7100000000000002	0.39670744159842625
1.7200000000000002	0.40910990032075417
1.73	0.4205619418079295
1.7400000000000002	0.4311621279837761
1.75	0.44102226261862176
1.76	0.45023841746414534
1.77	0.4588657964858428
1.78	0.46689946991462883
1.79	0.4742624634871841
1.8	0.48080205594888764
1.81	0.4862944648405268
1.82	0.49045743219013327
1.83	0.4929696017373682
1.84	0.49349504814767536
1.85	0.49171091175646237
1.86	0.48733583842769507
1.87	0.48015684324886193
1.8800000000000001	0.47005231870201447
1.8900000000000001	0.4570091902118553
1.9000000000000001	0.4411326688402676
1.9100000000000001	0.42264763300549435
1.92	0.40189134628815915
1.93	0.3792979338852557
1.94	0.35537573635727077
1.95	0.3306792741653334
1.96	0.3057780319744064
1.97	0.28122455941323055
1.98	0.2575244519736187
1.99	0.2351106090209735
2.	0.21432377520328644
2.01	0.19540078971747762
2.02	0.1784712486481171
2.03	0.16356249881404156
2.04	0.15061210637640954
2.05	0.1394862599041448
2.06	0.13000204769590643
2.07	0.12195124860706884
2.08	0.11512322697180777
2.09	0.10932473053584577
2.1	0.10439483203856084
2.11	0.10021388007762044
2.12	0.09670606182387884
2.13	0.09383594446872817
2.14	0.09160006589457126
2.15	0.09001520663122171
2.16	0.08910532973530036
2.17	0.08888928197396984
2.1799999999999997	0.08937119684400067
2.19	0.09053514630494376
2.2	0.0923450008384717
2.21	0.0947497465869539
2.2199999999999998	0.09769375844667662
2.23	0.10113082822782744
2.24	0.10504018055858051
2.25	0.10944234370571743
2.2600000000000002	0.11441262215450593
2.27	0.12009005863619682
2.2800000000000002	0.12668016157167775
2.29	0.13445026814246758
2.3000000000000003	0.14371714938884195
2.31	0.1548272629719858
2.3200000000000003	0.16813083689255523
2.33	0.18395164266843783
2.3400000000000003	0.20255482085988666
2.35	0.22411540643543848
2.3600000000000003	0.24869024120947733
2.37	0.2761957557899014
2.3800000000000003	0.3063936785826883
2.39	0.3388861290502179
2.4000000000000004	0.3731208356681254
2.41	0.40840645244983925
2.4200000000000004	0.4439371985120059
2.43	0.47882537388928037
2.4400000000000004	0.5121397614035254
2.45	0.5429475439236846
2.4600000000000004	0.5703571677213098
2.47	0.5935595688597367
2.4800000000000004	0.6118653396061271
2.49	0.6247357234356451
2.5	0.6318057601084096
2.5100000000000002	0.6328984217690832
2.5200000000000005	0.6280291506267167
2.5300000000000002	0.617400792734736
2.54	0.6013894871176559
2.5500000000000003	0.580522584513069
2.56	0.5554501084645931
2.57	0.5269116105266763
2.58	0.4957004924305455
2.59	0.46262795781509874
2.6	0.4284887072686144
2.61	0.39403030304839737
2.62	0.3599278126552469
2.63	0.3267649116875327
2.64	0.2950221141086479
2.65	0.2650722392576745
2.66	0.23718266366188553
2.67	0.211523389816852
2.68	0.18817954095084552
2.69	0.16716660232325667
2.7	0.14844660728169554
2.71	0.13194352661808328
2.72	0.11755636101800196
2.73	0.10516883729110957
2.74	0.09465512953988803
2.75	0.08588161084489672
2.7600000000000002	0.07870522360815123
2.77	0.07296956847295058
2.7800000000000002	0.06850018864944507
2.79	0.06510071723124053
2.8	0.06255152807329974
2.81	0.06061227896686261
2.8200000000000003	0.0590292788709916
2.83	0.057547994249972846
2.84	0.05593030006268157
2.85	0.053975360110179546
2.86	0.05154237614478887
2.87	0.048572957540192106
2.88	0.045110600919519524
2.8899999999999997	0.041314776239461094
2.9	0.037467407492970645
2.9099999999999997	0.03397009549668885
2.92	0.03133120922978916
2.9299999999999997	0.03014289656358427
2.94	0.031049042062976227
2.9499999999999997	0.03470612745743447
2.96	0.04173973067457492
2.9699999999999998	0.05269994698630936
2.98	0.06801926897593119
2.9899999999999998	0.08797638886734548
3.	0.11266898896076898
3.01	0.14199789844583835
3.02	0.17566408199436934
3.03	0.21317887379749156
3.04	0.25388677953267763
3.05	0.29699913995129507
3.06	0.3416360771692119
3.07	0.38687350489549216
3.08	0.43179162909311
3.09	0.47552131989517726
3.1	0.5172849935832065
3.11	0.5564291723251275
3.12	0.5924466337717462
3.13	0.6249869510547631
3.1399999999999997	0.6538551763223501
3.15	0.678999357139571
3.16	0.7004884207615371
3.17	0.7184826545401704
3.1799999999999997	0.7331995058214412
3.19	0.7448776941697801
3.2	0.7537426636937998
3.21	0.7599762119748169
3.22	0.7636927378288765
3.23	0.7649239879110745
3.24	0.7636134956150888
3.25	0.7596211438494677
3.2600000000000002	0.7527374976376755
3.27	0.7427067946609233
3.2800000000000002	0.7292568012147097
3.29	0.7121331827102697
3.3000000000000003	0.6911356406888632
3.31	0.6661528628541045
3.3200000000000003	0.6371933389034244
3.33	0.6044093204206855
3.3400000000000003	0.5681116408900816
3.35	0.5287737396081266
3.3600000000000003	0.48702401283693203
3.37	0.44362649437132246
3.3800000000000003	0.3994507813630692
3.39	0.35543299774305626
3.4000000000000004	0.31253035292161413
3.41	0.27167243824203147
3.4200000000000004	0.23371275004432204
3.43	0.19938399629361242
3.4400000000000004	0.16926051691853736
3.45	0.1437306361730519
3.46	0.12298100556321508
3.47	0.10699405026367034
3.4800000000000004	0.0955585825537259
3.49	0.08829258715500429
3.5	0.08467621317085669
3.5100000000000002	0.08409221648093178
3.52	0.08587055927134356
3.53	0.08933363950857395
3.54	0.09383871184239846
3.55	0.09881445911282234
3.56	0.10378933523303929
3.57	0.10841015383518353
3.58	0.11245035187182387
3.59	0.11580831363121177
3.6	0.11849700076006325
3.61	0.12062681321851393
3.62	0.12238404207111031
3.63	0.1240074337952996
3.64	0.12576526537395502
3.65	0.12793495910263658
3.66	0.13078670209076104
3.67	0.13457185389966445
3.68	0.13951621295338626
3.69	0.14581755446997255
3.7	0.1536463256732859
3.71	0.16314804516950382
3.72	0.17444583500886404
3.73	0.18764162081348276
3.74	0.20281484499071786
3.75	0.22001800460565848
3.76	0.23926888605084273
3.77	0.26053995139246455
3.7800000000000002	0.28374586422446524
3.79	0.3087305623057641
3.8	0.3352555416897672
3.81	0.36299108400036445
3.82	0.39151202870448254
3.83	0.42029938113049486
3.84	0.4487485887981831
3.8499999999999996	0.4761847614782611
3.86	0.501884510283474
3.8699999999999997	0.5251034955087125
3.88	0.5451082549496926
3.8899999999999997	0.5612104778218323
3.9	0.5728016253578336
3.9099999999999997	0.5793856946688611
3.92	0.580607980356047
3.9299999999999997	0.5762778988046332
3.94	0.5663842829451907
3.9499999999999997	0.551102002993588
3.96	0.5307892892776321
3.9699999999999998	0.5059756928183495
3.98	0.4773411840672401
3.9899999999999998	0.44568742782786697
4.	0.41190275301228835
4.01	0.3769227325326507
4.02	0.3416885777557915
4.03	0.30710571407642195
4.04	0.27400492486927025
4.05	0.24310832232459886
4.06	0.21500212536556312
4.07	0.19011780638101963
4.08	0.16872262990500053
4.09	0.15091997866109116
4.1	0.13665918686352077
4.109999999999999	0.12575392681520253
4.12	0.1179075768993561
4.13	0.11274349135804108
4.14	0.10983774379204485
4.1499999999999995	0.10875176515348854
4.16	0.10906236513014604
4.17	0.11038691532065542
4.18	0.11240196368921337
4.19	0.11485420122023247
4.2	0.11756345370804867
4.21	0.12041815129141256
4.22	0.12336445688006493
4.23	0.12639083580575516
4.24	0.1295102578916528
4.25	0.1327423937506064
4.26	0.13609807856715447
4.2700000000000005	0.1395679762104334
4.28	0.143116819881602
4.29	0.14668389323465444
4.3	0.15018962727974766
4.3100000000000005	0.15354741254222595
4.32	0.15667905184701453
4.33	0.1595317851388806
4.34	0.16209456257586166
4.3500000000000005	0.16441125757899688
4.36	0.16658879865645124
4.37	0.1687987275955056
4.38	0.1712714041718856
4.390000000000001	0.17428289478091893
4.4	0.17813541312672676
4.41	0.1831329324283277
4.42	0.18955417658180507
4.43	0.19762555685458924
4.44	0.20749671115474608
4.45	0.21922111472837286
4.46	0.23274378481693359
4.47	0.24789744555386983
4.4799999999999995	0.26440772316446404
4.489999999999999	0.28190708889090754
4.5	0.29995644564183727
4.51	0.31807254635252286
4.52	0.3357589056022608
4.529999999999999	0.35253756867403874
4.54	0.3679790567613631
4.55	0.3817280103834489
4.56	0.3935224780657951
4.569999999999999	0.4032053967688849
4.58	0.41072752311250643
4.59	0.41614183168681873
4.6	0.4195901300694125
4.609999999999999	0.42128328722987163
4.62	0.42147698179889537
4.63	0.4204452129994775
4.64	0.4184539601144486
4.6499999999999995	0.41573732282481823
4.66	0.4124782361804322
4.67	0.40879545447538296
4.68	0.4047379715983835
4.6899999999999995	0.40028743173858977
4.7	0.3953684275312767
4.71	0.38986592787120566
4.72	0.3836484688253442
4.7299999999999995	0.37659521976981075
4.74	0.36862464018830154
4.75	0.35972220172147756
4.76	0.3499645886196621
4.77	0.3395379217737237
4.78	0.3287478795912157
4.79	0.31802010262396535
4.8	0.30788994321647023
4.8100000000000005	0.29898141718237964
4.82	0.2919760787814385
4.83	0.28757340926655756
4.84	0.2864451123732685
4.8500000000000005	0.2891863754015718
4.86	0.29626761529350804
4.87	0.30799043079946586
4.88	0.3244513886195171
4.890000000000001	0.3455168715171208
4.9	0.37081152543693624
4.91	0.39972190434893246
4.92	0.43141579552268156
4.930000000000001	0.4648765045497662
4.94	0.4989501919189611
4.95	0.5324032877366007
4.96	0.5639861672752052
4.970000000000001	0.5924987286438165
4.98	0.6168533295396208
4.99	0.6361307342634378
5.	0.6496252804380171
5.010000000000001	0.6568763474395024
5.0200000000000005	0.6576843151701951
5.03	0.6521104396697399
5.04	0.6404613263949069
5.050000000000001	0.6232598378862955
5.0600000000000005	0.6012052268292337
5.07	0.5751259573159851
5.08	0.5459290157727822
5.09	0.51454950264196
5.1	0.4819039560192
5.109999999999999	0.4488502406705024
5.12	0.4161560172280306
5.13	0.3844768800253606
5.14	0.3543443164971879
5.1499999999999995	0.3261627893708796
5.16	0.30021455283401444
5.17	0.27667034055207373
5.18	0.2556038346308547
5.1899999999999995	0.2370078397103448
5.2	0.22081031835701045
5.21	0.20688884448614145
5.22	0.19508253815785667
5.2299999999999995	0.18520108918040867
5.24	0.17703099216758691
5.25	0.17033954520144262
5.26	0.16487746630656006
5.27	0.16038113320492914
5.28	0.15657544819692126
5.29	0.1531781851973335
5.3	0.14990641805267113
5.31	0.1464852961554617
5.32	0.1426590674873342
5.33	0.13820389249542542
5.34	0.1329416817512863
5.35	0.1267539553193354
5.359999999999999	0.1195945816187457
5.37	0.11150021761319273
5.38	0.10259734031433643
5.39	0.09310492384220011
5.4	0.08333206264541876
5.41	0.07367015182834971
5.42	0.06457958923327242
5.430000000000001	0.05657133901255011
5.44	0.050184070289771905
5.45	0.045957934302383346
5.46	0.044406346346097476
5.470000000000001	0.045987372621626374
5.48	0.05107646579183265
5.49	0.059942328481093994
5.5	0.07272759745028012
5.510000000000001	0.08943582588558414
5.5200000000000005	0.10992589924648927
5.53	0.1339145643195841
5.54	0.16098720618783977
5.550000000000001	0.1906164099479724
5.5600000000000005	0.22218723918579342
5.57	0.2550276039470641
5.58	0.2884416315431247
5.590000000000001	0.3217436445024528
5.6000000000000005	0.3542902319856258
5.61	0.3855079992404078
5.62	0.41491489953114147
5.630000000000001	0.44213357737438236
5.640000000000001	0.46689584127836614
5.65	0.48903817899197954
5.66	0.5084890541783298
5.67	0.5252494985709606
5.680000000000001	0.5393691573229967
5.69	0.5509203869382957
5.7	0.5599731930359532
5.71	0.5665737027025551
5.72	0.5707284960886568
5.7299999999999995	0.5723965070158263
5.74	0.5714894028135394
5.75	0.5678804508721336
5.76	0.5614209676608304
5.77	0.551962621804902
5.78	0.53938321447157
5.79	0.5236131576794548
5.8	0.5046597578445159
5.81	0.4826266002640877
5.82	0.45772580002244606
5.83	0.4302815853623309
5.84	0.4007245358060802
5.85	0.3695767181986634
5.86	0.3374288527190058
5.87	0.3049114062293489
5.88	0.27266207566481565
5.89	0.2412924361829108
5.9	0.21135656246549958
5.91	0.18332419197107555
5.92	0.1575605196100376
5.93	0.13431405146974718
5.94	0.11371317449665623
5.95	0.09577130081153279
5.96	0.0803996995437597
5.97	0.06742650583054688
5.98	0.05661994938584581
5.99	0.047713606081855486
6.	0.04043145456166423
6.01	0.03451070306725835
6.0200000000000005	0.029720707421505694
6.03	0.025876783315119837
6.04	0.022848270395782796
6.050000000000001	0.020560775791472474
6.0600000000000005	0.018993057919931045
6.07	0.018169463257668432
6.08	0.018149166025882037
6.090000000000001	0.01901366324517824
6.1000000000000005	0.020854038011928765
6.11	0.023759426656969763
6.12	0.02780792501494979
6.130000000000001	0.03306086722355728
6.140000000000001	0.03956103430983496
6.15	0.04733492940441193
6.16	0.056398823237178396
6.170000000000001	0.06676785917691985
6.180000000000001	0.078467142088036
6.19	0.09154344834618747
6.2	0.10607601105193358
6.210000000000001	0.12218477585646746
6.220000000000001	0.14003460361968678
6.23	0.15983412280284917
6.24	0.1818283031856652
6.250000000000001	0.2062843173585518
6.260000000000001	0.2334708488141995
6.2700000000000005	0.2636316541594677
6.28	0.2969548400457491
6.290000000000001	0.333539913539421
6.300000000000001	0.37336514595175835
6.3100000000000005	0.4162580962061787
6.32	0.4618722222398282
6.33	0.5096723357038776
6.34	0.558931216072501
6.35	0.608739010203988
6.36	0.6580261437794522
6.37	0.7055994277748293
6.38	0.7501899419031177
6.39	0.7905102159105638
6.4	0.8253173099020351
6.41	0.8534777103568557
6.42	0.8740295854763837
6.43	0.8862379317904212
6.44	0.8896385104287279
6.45	0.8840671969171648
6.46	0.869672398124304
6.47	0.8469094384785147
6.48	0.8165171762751282
6.49	0.7794784589925352
6.5	0.736967243078328
6.51	0.6902861798331341
6.5200000000000005	0.6407991191838237
6.53	0.5898632534376983
6.54	0.5387654965868137
6.55	0.48866719249229373
6.5600000000000005	0.44056042357759145
6.57	0.39523813533177365
6.58	0.35327910494684656
6.59	0.3150475767597493
6.6	0.2807062712238137
6.61	0.250240541992254
6.62	0.2234907785032201
6.63	0.20018977162845344
6.640000000000001	0.18000168880481845
6.65	0.16255952388154907
6.66	0.1474983510886679
6.670000000000001	0.13448235817444062
6.680000000000001	0.12322438575851727
6.69	0.11349748049299468
6.7	0.1051387061870339
6.710000000000001	0.09804608896710572
6.720000000000001	0.09217005561259359
6.73	0.08750103299107753
6.74	0.08405500440312741
6.750000000000001	0.08185877591157316
6.760000000000001	0.08093651617249153
6.7700000000000005	0.08129883000666932
6.78	0.08293524694647109
6.790000000000001	0.08581059010005677
6.800000000000001	0.08986527428817047
6.8100000000000005	0.09501919718245264
6.82	0.10117855873344099
6.830000000000001	0.10824469168529884
6.840000000000001	0.1161238223056005
6.8500000000000005	0.12473661265648567
6.86	0.1340263654882586
6.870000000000001	0.14396489678041854
6.880000000000001	0.154555290704955
6.890000000000001	0.165831033811479
6.9	0.177851360712988
6.91	0.19069300850247675
6.920000000000001	0.2044389430486828
6.930000000000001	0.21916495555301943
6.94	0.23492529969115883
6.95	0.25173871768581774
6.96	0.2695762625533295
6.97	0.28835224727474906
6.98	0.30791943557447504
6.99	0.32806924339497906
7.	0.34853727006425134
7.01	0.36901396253665997
7.0200000000000005	0.38915968494746084
7.03	0.40862297541443104
7.04	0.4270603792677661
7.05	0.4441560030926055
7.0600000000000005	0.4596388746591505
7.07	0.47329633910299046
7.08	0.484982068556972
7.09	0.49461778433096054
7.1000000000000005	0.5021884392609939
7.11	0.5077313169559443
7.12	0.5113201974564039
7.13	0.5130463360143889
7.140000000000001	0.5129984309168124
7.15	0.5112439608994368
7.16	0.5078142192938461
7.17	0.5026950552813163
7.180000000000001	0.4958247770066967
7.19	0.48709992942350583
7.2	0.47638880710373915
7.21	0.4635516892352382
7.220000000000001	0.44846598590975895
7.23	0.4310538509413897
7.24	0.4113094200365324
7.25	0.38932272263166895
7.26	0.36529750912819325
7.27	0.33956071784763914
7.279999999999999	0.31256203181935094
7.29	0.2848628723286168
7.3	0.25711515366395954
7.31	0.23003108321627827
7.319999999999999	0.2043461371371708
7.33	0.1807779912159378
7.34	0.15998457808217573
7.35	0.14252454140442758
7.359999999999999	0.12882316182417286
7.37	0.11914636390153596
7.38	0.11358472998197613
7.39	0.11204861638715455
7.3999999999999995	0.1142745713311671
7.41	0.11984237603784699
7.42	0.12820124761307522
7.43	0.1387031173393284
7.4399999999999995	0.1506404751424817
7.45	0.16328607213269222
7.46	0.17593179841998557
7.47	0.18792428304189251
7.4799999999999995	0.1986951610717963
7.49	0.20778447324261148
7.5	0.21485625388916427
7.51	0.21970597186576346
7.52	0.22226006899108217
7.529999999999999	0.22256835192807073
7.54	0.22079040633564825
7.55	0.21717749712433596
7.56	0.21205158621163517
7.57	0.20578313875701956
7.58	0.19876930746454788
7.59	0.19141389531186181
7.6000000000000005	0.1841102180617771
7.61	0.17722764119929307
7.62	0.17110217687760995
7.63	0.16603112309369225
7.640000000000001	0.16227133957978523
7.65	0.16004041345015668
7.66	0.159519702172263
7.67	0.16085807839973718
7.680000000000001	0.16417516114652905
7.69	0.16956291245546845
7.7	0.1770847084854976
7.71	0.1867713459012304
7.720000000000001	0.19861389170117819
7.73	0.2125537871356793
7.74	0.2284711235552734
7.75	0.24617246304129242
7.760000000000001	0.2653799220596174
7.7700000000000005	0.2857234206427499
7.78	0.30673798381247563
7.79	0.32786774563220505
7.800000000000001	0.34847785170542267
7.8100000000000005	0.3678748101511353
7.82	0.3853350550850786
7.83	0.40014063166492375
7.84	0.41162007286979146
7.8500000000000005	0.41919180567413056
7.86	0.42240688387727254
7.87	0.4209875678137135
7.88	0.41485830541712854
7.89	0.4041660325765156
7.8999999999999995	0.3892873877943572
7.91	0.370821377768223
7.92	0.3495671580371347
7.93	0.32648780540013095
7.9399999999999995	0.3026621433941782
7.95	0.27922772516063205
7.96	0.25731887742833476
7.97	0.23800418531625636
7.9799999999999995	0.2222279013199701
7.99	0.21075948044771128
8.	0.2041548017583207
8.01	0.2027316940773115
8.02	0.2065612283979448
8.03	0.2154749784902523
8.04	0.22908719957455484
8.05	0.2468297438565363
8.06	0.2679966178675648
8.07	0.2917944628107728
8.08	0.31739494852340977
8.09	0.3439851246400743
8.1	0.3708121475829176
8.11	0.39721944966793266
8.12	0.4226722660320489
8.129999999999999	0.44677140217470473
8.14	0.4692551212585439
8.15	0.4899899717021391
8.16	0.5089521892772546
8.17	0.526201938038442
8.18	0.5418530651615225
8.19	0.5560412212836762
8.2	0.5688931450938132
8.209999999999999	0.5804996505202903
8.219999999999999	0.5908944217572538
8.229999999999999	0.6000401591469328
8.24	0.607822975670158
8.25	0.6140552683213557
8.26	0.618486627555711
8.27	0.6208217434694937
8.28	0.6207437557063504
8.29	0.6179411047494953
8.299999999999999	0.6121356972797982
8.309999999999999	0.6031101116560761
8.32	0.5907316467032858
8.33	0.5749712540322421
8.34	0.5559157774167596
8.35	0.5337724286068566
8.36	0.5088650238817628
8.37	0.4816221475321491
8.379999999999999	0.452558048723969
8.389999999999999	0.42224766500017785
8.4	0.3912976481021623
8.41	0.3603156006142028
8.42	0.32987988052853523
8.43	0.30051227560098853
8.44	0.2726555890696115
8.45	0.2466577316652322
8.459999999999999	0.22276332007302646
8.469999999999999	0.20111309407323302
8.479999999999999	0.18175075028687634
8.49	0.16463612172858758
8.5	0.1496630786028547
8.51	0.13668014587178956
8.52	0.12551166837153444
8.53	0.11597742296748276
8.54	0.1079088718265041
8.55	0.10116073794456971
8.56	0.09561720756957887
8.57	0.09119275147661338
8.58	0.08782822719803374
8.59	0.08548349741558639
8.6	0.08412820663116251
8.61	0.0837325490202334
8.62	0.08425981068016572
8.63	0.08566218387513254
8.64	0.08788086268866774
8.65	0.09085079719597612
8.66	0.09450978369218979
8.67	0.09881088777997006
8.68	0.10373662033797842
8.69	0.10931288741478738
8.7	0.1156205675795505
8.71	0.12280266113466623
8.72	0.13106530171151426
8.73	0.14067148916341646
8.74	0.1519271343542419
8.75	0.1651598232423273
8.76	0.18069152124132132
8.77	0.19880716079073674
8.78	0.21972160683971279
8.79	0.2435478164521307
8.8	0.27026906465339806
8.81	0.2997178917103315
8.82	0.33156395815438955
8.83	0.36531231898340977
8.84	0.4003128129334794
8.85	0.43578038365055416
8.860000000000001	0.4708252875736903
8.870000000000001	0.504491374072038
8.88	0.5358000105036681
8.89	0.5637968145792533
8.9	0.5875981743137392
8.91	0.6064345861850792
8.92	0.6196881092743624
8.93	0.626921684947905
8.940000000000001	0.62789866380742
8.950000000000001	0.6225915629304111
8.96	0.6111797935810199
8.97	0.5940368016646806
8.98	0.5717077050284952
8.99	0.5448790560592457
9.	0.5143427768432349
9.01	0.48095658877894826
9.020000000000001	0.4456033794012419
9.030000000000001	0.4091519151135527
9.040000000000001	0.37242112607925904
9.05	0.3361498723608028
9.06	0.3009736688825932
9.07	0.26740932761882624
9.08	0.23584790107234063
9.09	0.20655571904999692
9.1	0.179682741829457
9.110000000000001	0.15527694914512039
9.120000000000001	0.1333030863335767
9.13	0.11366383149187338
9.14	0.0962213565184541
9.15	0.08081734361868431
9.16	0.0672897849188721
9.170000000000002	0.0554853168230261
9.180000000000001	0.045266386358205485
9.190000000000001	0.03651316296413192
9.200000000000001	0.029120734397622056
9.21	0.022992693330436534
9.22	0.01803266779488856
9.23	0.01413561953128254
9.24	0.011180791739745973
9.250000000000002	0.009028015998869352
9.260000000000002	0.0075186967278280245
9.270000000000001	0.006482215808849826
9.280000000000001	0.005747798247258189
9.290000000000001	0.005161128015320416
9.3	0.004604287141180877
9.31	0.004016996436013451
9.32	0.003416738911804141
9.330000000000002	0.0029152037045366425
9.340000000000002	0.0027286294332291784
9.350000000000001	0.0031800505795469055
9.360000000000001	0.00469212574522633
9.370000000000001	0.007770090200678279
9.38	0.012975341426442412
9.39	0.02089113564732667
9.4	0.03208274264525907
9.41	0.04705508052669702
9.420000000000002	0.06621125552872976
9.43	0.08981551571465327
9.44	0.11796387587935016
9.45	0.15056510338007975
9.459999999999999	0.18733392301328328
9.469999999999999	0.2277972827516673
9.48	0.2713134190183324
9.49	0.31710237617080833
9.5	0.3642856728662027
9.51	0.41193205716987596
9.52	0.45910581937264433
9.53	0.5049139746366346
9.54	0.548548793539934
9.549999999999999	0.5893226232666327
9.56	0.6266926545011983
9.57	0.6602741772736855
9.58	0.6898418487129843
9.59	0.7153194787429132
9.6	0.736759742743324
9.61	0.7543159816553313
9.62	0.7682087960033048
9.629999999999999	0.778690447662867
9.64	0.7860101404679734
9.65	0.7903830670310042
9.66	0.7919657112875155
9.67	0.7908393248765129
9.68	0.787002800386792
9.69	0.7803754003733698
9.7	0.7708090232157973
9.709999999999999	0.7581089480532532
9.719999999999999	0.7420613486875579
9.73	0.7224653409517288
9.74	0.6991669617456954
9.75	0.6720922936605079
9.76	0.6412769597868264
9.77	0.6068894212032009
9.78	0.5692459057391515
9.790000000000001	0.5288153601575177
9.8	0.486213516386623
9.81	0.4421859522533386
9.82	0.39758085521254843
9.83	0.35331300394174275
9.84	0.31032120454135825
9.85	0.2695219945309895
9.86	0.2317628053151659
9.870000000000001	0.19777791171809744
9.88	0.16815037292334914
9.89	0.14328278181274884
9.9	0.12337901203487417
9.91	0.10843833014279279
9.92	0.09826229009989002
9.93	0.09247383054302812
9.94	0.0905470400850606
9.950000000000001	0.09184523008935747
9.96	0.09566433491049631
9.97	0.10127830501143796
9.98	0.10798310167310655
9.99	0.11513614670654518
10.	0.12218859968427472
10.01	0.1287085737278403
10.02	0.13439428149206512
10.03	0.13907703432065485
10.040000000000001	0.14271490426218583
10.05	0.14537861194069188
10.06	0.14723175078902
10.07	0.1485077518538258
10.08	0.14948601469612616
10.09	0.15046939132829176
10.100000000000001	0.15176475314599092
10.110000000000001	0.15366776047458403
10.120000000000001	0.15645227107613693
10.13	0.1603641536758579
10.14	0.16561869634640358
10.15	0.17240038412009512
10.16	0.180863610176518
10.17	0.19113289831063643
10.180000000000001	0.20330144090529265
10.190000000000001	0.2174271599838524
10.200000000000001	0.23352602182734955
10.21	0.2515629074212159
10.22	0.2714408864877148
10.23	0.2929901915922906
10.24	0.31595848330499204
10.25	0.3400040995821611
10.260000000000002	0.36469387762040956
10.270000000000001	0.38950683386233576
10.280000000000001	0.41384451932587557
10.290000000000001	0.4370482825629643
10.3	0.45842303248786476
10.31	0.4772664635757979
10.32	0.49290214913980757
10.33	0.5047144778254656
10.34	0.5121831431217432
10.350000000000001	0.5149148173191503
10.36	0.5126697535748758
10.37	0.5053813491776763
10.379999999999999	0.4931671420706792
10.389999999999999	0.4763302630630985
10.399999999999999	0.4553509836979707
10.41	0.43086863833414724
10.42	0.4036548143974003
10.43	0.37457925743858356
10.44	0.34457039471723006
10.45	0.3145727172433838
10.459999999999999	0.28550345817709527
10.469999999999999	0.25821105553237567
10.479999999999999	0.23343778694109307
10.49	0.21178871854610265
10.5	0.19370873060302765
10.51	0.17946888775295727
10.52	0.16916283791425
10.53	0.1627132829456351
10.54	0.15988790549646642
10.549999999999999	0.16032350342593688
10.559999999999999	0.16355652195542206
10.57	0.16905772965015134
10.58	0.17626849797226185
10.59	0.1846360469447155
10.6	0.19364512950301008
10.61	0.2028439456580764
10.62	0.2118625869648575
10.629999999999999	0.22042297505927683
10.639999999999999	0.22834002089277347
10.649999999999999	0.235514526153273
10.66	0.24191910033914238
10.67	0.24757900134517194
10.68	0.2525502577784835
10.69	0.2568976471159903
10.7	0.2606750573147758
10.709999999999999	0.263910449446958
10.72	0.2665970924441227
10.73	0.2686920116603682
10.74	0.27012175579623326
10.75	0.27079473075468813
10.76	0.27061856751919905
10.77	0.2695203713432395
10.78	0.2674673124674431
10.79	0.2644849107148189
10.8	0.26067055379306925
10.81	0.2562002553975575
10.82	0.25132735640738474
10.83	0.24637272651567563
10.84	0.24170694236844112
10.85	0.23772580176252278
10.86	0.2348212851983103
10.87	0.23335061393981088
10.88	0.23360631904069465
10.89	0.23579019981026
10.9	0.23999371704978617
10.91	0.24618677225846086
10.92	0.2542160326390241
10.93	0.26381305697032975
10.94	0.27461155360882716
10.95	0.28617225340226743
10.959999999999999	0.29801319134877474
10.97	0.3096427267636192
10.98	0.32059243274940935
10.99	0.33044706377050065
11.	0.33886914862620415
11.01	0.34561631335152426
11.02	0.35055015314964316
11.030000000000001	0.3536362706800519
11.040000000000001	0.3549359020330264
11.05	0.3545902874548779
11.06	0.3527995479948851
11.07	0.3497982542793628
11.08	0.3458300911532999
11.09	0.3411240234652229
11.1	0.33587416413423477
11.110000000000001	0.3302251622569545
11.120000000000001	0.3242644051064326
11.13	0.3180217101367742
11.14	0.3114765219081751
11.15	0.3045719743956898
11.16	0.2972345783476498
11.17	0.28939778748189254
11.18	0.28102732036722006
11.190000000000001	0.2721458925638196
11.200000000000001	0.2628549627433201
11.21	0.25335122432623075
11.22	0.243935877918696
11.23	0.23501518632175214
11.24	0.2270914192059598
11.25	0.22074400411399792
11.26	0.2166014697409514
11.27	0.21530554357371726
11.280000000000001	0.21746949041794067
11.290000000000001	0.22363339072626273
11.3	0.23421950051224275
11.31	0.2494910588531942
11.32	0.2695178792247979
11.33	0.29415176057174935
11.340000000000002	0.3230141889163762
11.350000000000001	0.35549800044879726
11.360000000000001	0.390783696055562
11.370000000000001	0.42787000921154233
11.38	0.4656172229456333
11.39	0.5028007030762618
11.4	0.5381712578620123
11.41	0.5705183307028006
11.420000000000002	0.5987317440615328
11.430000000000001	0.6218577730858001
11.440000000000001	0.6391457379620432
11.450000000000001	0.650082032797744
11.46	0.6544094926698008
11.47	0.6521311509820573
11.48	0.6434986514668888
11.49	0.6289867421764415
11.500000000000002	0.6092562873270105
11.510000000000002	0.5851089980478559
11.520000000000001	0.5574375417000598
11.530000000000001	0.5271748101129707
11.540000000000001	0.49524591307148474
11.55	0.4625259513654179
11.56	0.42980587899357375
11.57	0.3977678727225923
11.58	0.36697068585523096
11.590000000000002	0.3378445682888222
11.6	0.31069457257639654
11.61	0.28571050201242
11.62	0.26298143221654996
11.629999999999999	0.24251266392198856
11.639999999999999	0.22424312497424434
11.65	0.20806159255717274
11.66	0.1938205927684973
11.67	0.18134738409978376
11.68	0.17045197302542767
11.69	0.16093257966867658
11.7	0.15257931925591253
11.709999999999999	0.14517705939820974
11.719999999999999	0.13850844368130855
11.73	0.13235794856567953
11.74	0.12651759069845006
11.75	0.12079456572610164
11.76	0.11502072484410406
11.77	0.10906342976375173
11.78	0.10283701392395107
11.79	0.09631385186630947
11.799999999999999	0.08953392193794718
11.81	0.08261174896074489
11.82	0.07573972966826524
11.83	0.06918706030519457
11.84	0.06329378059763374
11.85	0.05845979434016366
11.86	0.05512909537599536
11.87	0.05376979086269846
11.879999999999999	0.05485084618421473
11.889999999999999	0.05881675618032943
11.9	0.06606155812264071
11.91	0.07690372972266547
11.92	0.09156355087623085
11.93	0.11014444498238928
11.94	0.1326196525550535
11.95	0.15882532894280837
11.96	0.18846080709042987
11.97	0.221096339524959
11.98	0.25618815232660974
11.99	0.29310013622972975
12.	0.33113100127414896
12.01	0.3695452714802889
12.02	0.4076061365987819
12.03	0.44460794875853715
12.040000000000001	0.479906085828542
12.05	0.5129420222363016
12.06	0.5432617581831681
12.07	0.5705262477327511
12.08	0.5945131038967579
12.09	0.6151095952147534
12.1	0.6322977193708671
12.11	0.6461328720303502
12.120000000000001	0.6567182485002905
12.13	0.6641775536615632
12.14	0.6686287980988583
12.15	0.6701618933014138
12.16	0.6688224206612197
12.17	0.6646033610112952
12.18	0.657445784665024
12.19	0.6472485908209724
12.2	0.633886440463773
12.21	0.6172341459304559
12.22	0.5971950566791204
12.23	0.5737304936946483
12.24	0.5468870900968102
12.25	0.5168190183975337
12.26	0.4838025174820111
12.270000000000001	0.4482408336424687
12.280000000000001	0.4106585898538741
12.290000000000001	0.371685604528516
12.3	0.3320311923893721
12.31	0.2924508928442424
12.32	0.25370829336522144
12.33	0.21653507583280268
12.34	0.18159256986236685
12.350000000000001	0.14943793847568737
12.360000000000001	0.12049767059604724
12.370000000000001	0.09505036373469608
12.38	0.07321992395676546
12.39	0.054979378073616206
12.4	0.04016457851663888
12.41	0.028496272150320738
12.42	0.019608373195829018
12.430000000000001	0.013079878603402463
12.440000000000001	0.008467716993416988
12.450000000000001	0.005337928235970121
12.46	0.0032929035429147954
12.47	0.0019929289069533338
12.48	0.0011709070776518024
12.49	0.0006398174654231867
12.5	0.0002931424060793
12.51	0.00009908218713143938
12.520000000000001	0.00008985242702914224
12.530000000000001	0.0003476735918311716
12.540000000000001	0.0009892082135305716
12.55	0.0021501776010590347
12.56	0.003971711629466853
12.57	0.006589678897544137
12.580000000000002	0.010127844190648976
12.590000000000002	0.014695243950639186
12.600000000000001	0.020387697487002265
12.610000000000001	0.027292919507670866
12.620000000000001	0.03549830223945146
12.63	0.04510012215388403
12.64	0.05621272060255101
12.65	0.06897612657452006
12.660000000000002	0.0835606433289973
12.670000000000002	0.10016711103012127
12.680000000000001	0.119021878308576
12.690000000000001	0.1403659511392709
12.700000000000001	0.16443831203509465
12.71	0.19145398122014828
12.72	0.22157798059098913
12.73	0.25489691106255
12.740000000000002	0.29139031160863926
12.750000000000002	0.3309042827976853
12.760000000000002	0.3731299844849326
12.770000000000001	0.4175895242717578
12.780000000000001	0.4636314251619844
12.790000000000001	0.5104373031642286
12.8	0.5570406268710969
12.81	0.60235752224893
12.82	0.6452285975624684
12.830000000000002	0.6844697802777129
12.84	0.718929271318136
12.85	0.7475470212153941
12.86	0.7694126946954536
12.87	0.7838179715584678
12.879999999999999	0.7902992609054057
12.89	0.7886674789148175
12.9	0.7790224198152353
12.91	0.7617503664248427
12.92	0.7375048462014218
12.93	0.7071717302173988
12.94	0.6718210793471537
12.95	0.6326491540521514
12.959999999999999	0.5909147289916077
12.97	0.5478742261288307
12.98	0.5047201689920761
12.99	0.4625270724200354
13.	0.4222081588951335
13.01	0.3844853083200747
13.02	0.3498735000584936
13.03	0.31867980431297344
13.04	0.2910158357770832
13.05	0.26682159711920556
13.06	0.2458978942826857
13.07	0.2279440534029686
13.08	0.21259753238341084
13.09	0.19947218885713405
13.1	0.18819240141128973
13.11	0.1784208805461813
13.12	0.1698787729029809
13.129999999999999	0.1623574739835951
13.14	0.15572234124459752
13.15	0.14990917252392338
13.16	0.14491483280414003
13.17	0.14078374453058873
13.18	0.13759209383925763
13.19	0.13543155785821057
13.200000000000001	0.13439415389874615
13.21	0.13455948851054542
13.22	0.13598528767660606
13.23	0.13870166411954032
13.24	0.1427091650662891
13.25	0.1479802778468064
13.26	0.15446377613113058
13.27	0.16209108144101256
13.280000000000001	0.1707836987351408
13.290000000000001	0.18046075967483746
13.3	0.1910457651817205
13.31	0.20247174871104665
13.32	0.21468426944167018
13.33	0.2276418750217653
13.34	0.24131393031394938
13.35	0.25567597457919444
13.360000000000001	0.2707030266349865
13.370000000000001	0.2863614868361729
13.38	0.30260046709877214
13.39	0.3193434972696794
13.4	0.3364815920679812
13.41	0.35386860629635175
13.42	0.3713196526007927
13.43	0.3886131101536235
13.44	0.4054964288327689
13.450000000000001	0.42169555676470283
13.46	0.4369274237317388
13.47	0.4509145397908262
13.48	0.4634004610391675
13.49	0.4741646740129916
13.5	0.4830353902746005
13.510000000000002	0.4898988441289655
13.520000000000001	0.4947039531234132
13.530000000000001	0.49746161791643567
13.540000000000001	0.498238470918708
13.55	0.49714548060643093
13.56	0.49432241722426423
13.57	0.48991971690028735
13.58	0.48407967861020934
13.590000000000002	0.47691913623879617
13.600000000000001	0.4685157286459165
13.610000000000001	0.4588996305030163
13.620000000000001	0.44805211913920534
13.63	0.4359116782272305
13.64	0.42238754218147706
13.65	0.40737974747970096
13.66	0.39080396940594636
13.670000000000002	0.3726187742827255
13.680000000000001	0.35285248577868145
13.690000000000001	0.33162670602902267
13.700000000000001	0.3091736766573417
13.71	0.28584510777212596
13.72	0.2621108085380404
13.73	0.23854635575373245
13.74	0.21581004937217585
13.75	0.19461042542538268
13.760000000000002	0.17566652459478638
13.77	0.15966385495144506
13.78	0.14720946553161343
13.79	0.13878971573551246
13.799999999999999	0.13473416810220795
13.809999999999999	0.13518856579674204
13.82	0.14009912857890156
13.83	0.1492094842726181
13.84	0.1620705355022214
13.85	0.1780625392161578
13.86	0.19642774161416507
13.87	0.21631114352167066
13.879999999999999	0.23680643131320134
13.889999999999999	0.2570038319586231
13.9	0.27603664700649333
13.91	0.29312347323215426
13.92	0.30760358926227244
13.93	0.3189636233110603
13.94	0.3268543529904331
13.95	0.3310972568610078
13.959999999999999	0.3316811753754948
13.969999999999999	0.32875009132738703
13.98	0.3225835645609048
13.99	0.3135717247133949
14.	0.302186926152803
14.01	0.2889542018002367
14.02	0.27442252967582914
14.03	0.2591386694172261
14.04	0.2436249638144392
14.049999999999999	0.22836206471824352
14.059999999999999	0.21377706756796555
14.07	0.20023705859272956
14.08	0.18804762677031986
14.09	0.17745550001275212
14.1	0.1686541595794927
14.11	0.1617910915118333
14.12	0.15697526579984564
14.13	0.15428350191373782
14.14	0.15376458243077856
14.15	0.15544030287962846
14.16	0.15930307197428586
14.17	0.16531016712186974
14.18	0.17337526078047447
14.19	0.18335831264828903
14.2	0.19505531733939377
14.21	0.20818965691998328
14.22	0.2224068912830312
14.23	0.23727470034313772
14.24	0.2522893632383257
14.25	0.266889636114126
14.26	0.2804782094005511
14.27	0.2924501462849302
14.28	0.30222690091794996
14.290000000000001	0.309293771420267
14.3	0.3132380430504899
14.31	0.31378469603872233
14.32	0.31082644764894485
14.33	0.3044451004923881
14.34	0.2949216797874201
14.35	0.2827336294504574
14.36	0.2685383381431301
14.37	0.253143393829614
14.38	0.23746511417423483
14.39	0.2224779590899959
14.4	0.209158295193338
14.41	0.19842656091280605
14.42	0.19109211325973233
14.43	0.1878048941851455
14.440000000000001	0.18901754450375052
14.450000000000001	0.19496076152023226
14.46	0.20563361960000556
14.47	0.2208093516832205
14.48	0.2400558381391424
14.49	0.26276888281596633
14.5	0.2882153797036049
14.51	0.31558277152575487
14.520000000000001	0.3440308293151969
14.530000000000001	0.37274176175151347
14.540000000000001	0.400964982645911
14.55	0.4280534808134674
14.56	0.45348957943889845
14.57	0.4768988553316585
14.58	0.4980520178034644
14.59	0.5168555298385433
14.600000000000001	0.533332609040593
14.610000000000001	0.547596908503978
14.620000000000001	0.5598216064920756
14.63	0.5702068109304269
14.64	0.5789481158829635
14.65	0.5862088583333125
14.66	0.592098156361469
14.67	0.5966562159230792
14.68	0.5998477290275712
14.690000000000001	0.601563506476961
14.700000000000001	0.6016298437017848
14.71	0.5998245507995923
14.72	0.5958981201053926
14.73	0.5895981787139529
14.74	0.5806951916735434
14.750000000000002	0.5690073474217117
14.760000000000002	0.5544226658816479
14.770000000000001	0.5369166100154489
14.780000000000001	0.5165638359582134
14.790000000000001	0.49354316201411813
14.8	0.46813534461470324
14.81	0.4407137872197451
14.82	0.41172884004289456
14.830000000000002	0.3816868365029682
14.840000000000002	0.35112541889191434
14.850000000000001	0.3205869966131987
14.860000000000001	0.29059232770339644
14.870000000000001	0.2616162002935388
14.88	0.23406701008482497
14.89	0.20827169250023644
14.9	0.1844669990735034
14.910000000000002	0.16279754638248525
14.920000000000002	0.14332046347525104
14.930000000000001	0.12601587828239655
14.940000000000001	0.11080197407175013
14.950000000000001	0.09755296727360299
14.96	0.0861181498225577
14.97	0.0763401270162533
14.98	0.06807056915323878
14.99	0.06118216269248953
15.000000000000002	0.055575953865034444