0.	-4.
0.01	-3.9853838428766415
0.02	-3.941346703055115
0.03	-3.8673610174541038
0.04	-3.7626714695936747
0.05	-3.626466710641155
0.06	-3.4580928740547234
0.07	-3.2572853918204987
0.08	-3.024393363463803
0.09	-2.7605711511879365
0.1	-2.467914925263419
0.11	-2.14952723962245
0.12	-1.8094998179374024
0.13	-1.4528128383508252
0.14	-1.0851572855792848
0.15	-0.7126945469623227
0.16	-0.3417735955663681
0.17	0.021369785237884922
0.18	0.3709056237269526
0.19	0.7016690578094955
0.2	1.0093645599447623
0.21000000000000002	1.290698872945168
0.22	1.5434335082800477
0.23	1.7663555354355647
0.24	1.959173277842266
0.25	2.1223506354627064
0.26	2.2568993699779942
0.27	2.364152265215753
0.28	2.445541272544463
0.29000000000000004	2.5024034707976184
0.3	2.5358340668822046
0.31	2.5466001259580424
0.32	2.5351218340302526
0.33	2.501520582377035
0.34	2.4457258068063306
0.35	2.367626082497472
0.36	2.2672451382141476
0.37	2.1449207171989384
0.38	2.001463862228329
0.39	1.8382782752498814
0.4	1.6574236787656877
0.41000000000000003	1.4616131343250867
0.42000000000000004	1.254141414090095
0.43	1.0387490156304882
0.44	0.8194334596394954
0.45	0.6002253625625878
0.46	0.3849508050018693
0.47000000000000003	0.1770032897705049
0.48	-0.020852091433112452
0.49	-0.20662271770604862
0.5	-0.37916627091382094
0.51	-0.5381945139926507
0.52	-0.6842026359155673
0.53	-0.8183312658708208
0.54	-0.9421749958466794
0.55	-1.0575565444571795
0.56	-1.1662890053204342
0.5700000000000001	-1.2699496231332805
0.5800000000000001	-1.3696871468219776
0.5900000000000001	-1.4660811887009508
0.6	-1.5590665670526795
0.61	-1.6479289064518001
0.62	-1.731370515781287
0.63	-1.8076385049765904
0.64	-1.8747009537927684
0.65	-1.930452321366975
0.66	-1.9729266319508585
0.67	-2.0004965311269
0.68	-2.0120380917447975
0.6900000000000001	-2.0070450481161695
0.7000000000000001	-1.9856815385499522
0.71	-1.9487688716036198
0.72	-1.8977086345892473
0.73	-1.8343509384469883
0.74	-1.7608220859953774
0.75	-1.6793299114393787
0.76	-1.5919670787235434
0.77	-1.5005325542828851
0.78	-1.40638931245276
0.79	-1.3103723295474543
0.8	-1.2127555047004552
0.81	-1.1132798861619713
0.8200000000000001	-1.0112391407540104
0.8300000000000001	-0.9056122587239559
0.8400000000000001	-0.7952286599044482
0.8500000000000001	-0.678947664118078
0.86	-0.5558330402417652
0.87	-0.4253041763077844
0.88	-0.2872482166687237
0.89	-0.1420819780710998
0.9	0.009241908480432048
0.91	0.16528399818624173
0.92	0.32421548666996225
0.93	0.48395216414812225
0.9400000000000001	0.6423090172605512
0.9500000000000001	0.7971575187493266
0.9600000000000001	0.9465675552589682
0.97	1.0889178756939406
0.98	1.2229626791937305
0.99	1.3478470878181459
1.	1.4630701983012662
1.01	1.5684005250534268
1.02	1.663754261568485
1.03	1.7490512842824937
1.04	1.8240667085781763
1.05	1.8882967619028888
1.06	1.9408566513055576
1.07	1.9804250762321869
1.08	2.0052453800892143
1.09	2.013187523674539
1.1	2.001868696747895
1.11	1.968824114009123
1.12	1.911714011416559
1.1300000000000001	1.8285486357103777
1.1400000000000001	1.7179105402566346
1.1500000000000001	1.5791530259129924
1.1600000000000001	1.412555159664099
1.17	1.2194173253362444
1.18	1.0020863793615957
1.19	0.7639057131919998
1.2	0.509092266331423
1.21	0.2425491426525836
1.22	-0.030371678147970704
1.23	-0.3041375349606612
1.24	-0.5733124458365153
1.25	-0.832821184246819
1.26	-1.0781790059272551
1.27	-1.3056693043744712
1.28	-1.5124564439348303
1.29	-1.6966271281920147
1.3	-1.8571603068412557
1.31	-1.9938321539528259
1.32	-2.107068426520014
1.33	-2.197760975904292
1.34	-2.2670679141548313
1.35	-2.3162176897235387
1.36	-2.3463360643561733
1.37	-2.358311873285753
1.3800000000000001	-2.352712850305178
1.3900000000000001	-2.3297572122836123
1.4000000000000001	-2.289340722076632
1.4100000000000001	-2.2311132111952325
1.42	-2.1545936323333565
1.43	-2.059309114749244
1.44	-1.944941549721394
1.45	-1.8114650924048654
1.46	-1.6592595880642254
1.47	-1.489188085955113
1.48	-1.3026309070096143
1.49	-1.1014736844108546
1.5	-0.8880518465860142
1.51	-0.6650586133285185
1.52	-0.43542724493784457
1.53	-0.20220065234242743
1.54	0.031597676371422107
1.5499999999999998	0.2630782016965827
1.56	0.48957425665303933
1.57	0.7086976745524622
1.58	0.9183575771317228
1.59	1.1167432538916588
1.6	1.302276366395073
1.61	1.4735413728914248
1.62	1.6292056916965052
1.6300000000000001	1.7679424214710928
1.6400000000000001	1.8883682686389325
1.6500000000000001	1.989007706782716
1.6600000000000001	2.0682914730899515
1.6700000000000002	2.1245935925264683
1.6800000000000002	2.156306617893123
1.69	2.1619501560321166
1.7	2.14030350880216
1.71	2.0905498526462987
1.72	2.012417194711916
1.73	1.906300639643047
1.74	1.7733513942442218
1.75	1.6155203792103066
1.76	1.435548098862342
1.77	1.2368971894577854
1.78	1.0236293633523639
1.79	0.8002337662468376
1.8	0.5714185345880662
1.81	0.34188109247825665
1.82	0.11607507218036422
1.83	-0.102007571298667
1.84	-0.3090217372499393
1.85	-0.5024068404075497
1.86	-0.6804662470030537
1.87	-0.8423828674717009
1.8800000000000001	-0.9881708742846295
1.8900000000000001	-1.1185690534901072
1.9000000000000001	-1.2348862605785484
1.9100000000000001	-1.3388133693090296
1.9200000000000002	-1.4322186223394953
1.9300000000000002	-1.5169442068558814
1.94	-1.5946211420743426
1.95	-1.6665172966661914
1.96	-1.7334298168446411
1.97	-1.7956288182993698
1.98	-1.8528543278148175
1.99	-1.9043636283423775
2.	-1.949021816397085
2.01	-1.985424908397312
2.02	-2.0120425175977132
2.03	-2.027366126601356
2.04	-2.030049329904866
2.05	-2.0190280149212194
2.06	-1.993611073275205
2.07	-1.9535355839894013
2.08	-1.8989841286532096
2.09	-1.8305656094579197
2.1	-1.7492642857931373
2.11	-1.656364417155899
2.12	-1.5533596716300968
2.13	-1.441857200625816
2.14	-1.3234859701530197
2.15	-1.199817661668979
2.16	-1.0723063920564164
2.17	-0.9422509082033542
2.18	-0.8107800899167659
2.19	-0.6788598633508643
2.2	-0.5473172846237662
2.21	-0.4168758478628914
2.2199999999999998	-0.28819517430349445
2.23	-0.16190822466986415
2.2399999999999998	-0.038650018403349695
2.25	0.08092658596250922
2.26	0.19615040464479283
2.27	0.30634675028110375
2.28	0.4108652764080327
2.29	0.5091165900168855
2.3	0.6006119795753626
2.31	0.6849999510755785
2.32	0.7620934323303515
2.33	0.8318824747734006
2.34	0.894528934268845
2.35	0.9503417480318876
2.36	0.9997337871879921
2.37	1.0431635721356045
2.38	1.0810671179958438
2.39	1.113786598322545
2.4	1.1415032126092859
2.41	1.1641815376473486
2.42	1.181531747061905
2.43	1.192994497822624
2.44	1.197751181364087
2.45	1.194759846146365
2.46	1.1828146690964416
2.47	1.1606246333836603
2.48	1.126905278042058
2.49	1.0804761887967294
2.5	1.020356401043322
2.5100000000000002	0.9458501143752991
2.52	0.8566160303899412
2.5300000000000002	0.7527151146057295
2.54	0.6346334915578657
2.5500000000000003	0.503279318907245
2.56	0.35995464768818425
2.57	0.20630526377656372
2.5799999999999996	0.0442531465498876
2.59	-0.12408266014986341
2.5999999999999996	-0.2964703770378392
2.61	-0.4706486334208715
2.6199999999999997	-0.6444026112242409
2.63	-0.8156284302432273
2.6399999999999997	-0.9823824336591878
2.65	-1.1429136566372102
2.6599999999999997	-1.2956794201245858
2.67	-1.439345519046695
2.6799999999999997	-1.5727737213171933
2.69	-1.6950001494347555
2.6999999999999997	-1.8052085153253363
2.71	-1.9027021109114717
2.7199999999999998	-1.986877965437564
2.73	-2.057205757925791
2.7399999999999998	-2.1132130475202846
2.75	-2.1544773035349127
2.76	-2.1806242283919737
2.77	-2.1913310984470513
2.78	-2.1863333915699408
2.79	-2.165432869360766
2.8	-2.1285055251945977
2.81	-2.0755083343993808
2.82	-2.0064844452118678
2.83	-1.9215671977668467
2.84	-1.8209840154792905
2.85	-1.7050616547811932
2.86	-1.5742344337558418
2.87	-1.4290568427209287
2.88	-1.2702213789972303
2.89	-1.098581606040812
2.9	-0.9151794211341876
2.91	-0.7212744639427435
2.92	-0.5183726603245156
2.93	-0.30825021314677054
2.94	-0.09296903813387146
2.95	0.12512023137331763
2.96	0.34339096307763667
2.97	0.5589712548955048
2.98	0.7687936218504898
2.99	0.9696630400043489
3.	1.1583411421899248
3.0100000000000002	1.3316428579299302
3.02	1.4865405384888501
3.0300000000000002	1.6202697307593197
3.04	1.7304303463570232
3.0500000000000003	1.8150770557426772
3.06	1.8727933149438927
3.0700000000000003	1.9027444530815032
3.08	1.9047066224420344
3.0900000000000003	1.8790700203092736
3.1	1.8268164967782403
3.1100000000000003	1.7494733239663303
3.12	1.6490463854363289
3.1300000000000003	1.527937234985973
3.14	1.388849284195664
3.1500000000000004	1.2346887565294717
3.16	1.0684659800387004
3.17	0.8932021086388431
3.1799999999999997	0.7118455286057851
3.19	0.527201118240073
3.1999999999999997	0.3418743015673903
3.21	0.15823059736822873
3.2199999999999998	-0.021629766036284415
3.23	-0.1958835190120028
3.2399999999999998	-0.36298428529858057
3.25	-0.5216530826081862
3.26	-0.6708616944178216
3.27	-0.8098109634553575
3.28	-0.9379056254322065
3.29	-1.0547267975867607
3.3	-1.160002771657393
3.31	-1.2535784349066823
3.32	-1.3353835283871405
3.33	-1.405400081546464
3.34	-1.463629722497902
3.35	-1.510062093068995
3.36	-1.5446461969793086
3.37	-1.5672670527038959
3.38	-1.5777303776472542
3.39	-1.5757580793816914
3.4	-1.5609969893799582
3.41	-1.5330425117508877
3.42	-1.4914777007246907
3.43	-1.4359268140733614
3.44	-1.3661207573009484
3.45	-1.2819702159863158
3.46	-1.183640869136704
3.47	-1.0716240755043414
3.48	-0.9467959861602169
3.49	-0.8104582652366051
3.5	-0.6643545325429844
3.5100000000000002	-0.5106582360132661
3.52	-0.3519298027959829
3.5300000000000002	-0.19104342451096581
3.54	-0.031086476913701644
3.5500000000000003	0.12476289486505424
3.56	0.27337232704111847
3.5700000000000003	0.4117966438379249
3.58	0.5374140156674807
3.5900000000000003	0.6480468000842252
3.6	0.7420579158118035
3.6100000000000003	0.818415342860968
3.62	0.8767197698627339
3.6300000000000003	0.917193318137988
3.64	0.9406304067784365
3.65	0.9483149040031031
3.6599999999999997	0.94191045635902
3.67	0.9233330432762294
3.6799999999999997	0.8946161640896892
3.69	0.8577794923428845
3.6999999999999997	0.8147112778179428
3.71	0.7670732830419165
3.7199999999999998	0.7162347426626174
3.73	0.6632389475691423
3.7399999999999998	0.6088028605704368
3.75	0.5533469834561198
3.76	0.4970498386644853
3.77	0.4399191970931295
3.78	0.3818708113310151
3.79	0.3228050480816153
3.8	0.262672496067529
3.81	0.20152128372326972
3.82	0.13952129295646565
3.83	0.07696342811147072
3.84	0.01423525706232398
3.85	-0.04822267777677011
3.86	-0.10997312351971732
3.87	-0.1706425585208186
3.88	-0.2299767873349411
3.89	-0.28788313834859364
3.9	-0.3444522462465706
3.91	-0.39995482716543107
3.92	-0.4548119006189611
3.93	-0.5095402306320085
3.94	-0.5646779640616354
3.95	-0.6206981594116
3.96	-0.6779197979941318
3.97	-0.7364267129086949
3.98	-0.796004537775616
3.99	-0.856104274643601
4.	-0.9158385473774695