0.0	-8.0
0.01	-7.90943575144968
0.02	-7.631359451921309
0.03	-7.149534968402095
0.04	-6.446451377663863
0.05	-5.516139611217552
0.06	-4.37712032143442
0.07	-3.07942241790978
0.08	-1.7012636713531852
0.09	-0.3362239752264933
0.1	0.9232027448437644
0.11	1.998857823676235
0.12	2.833533008283406
0.13	3.3919459761680004
0.14	3.6592494707399745
0.15	3.639426052035807
0.16	3.3537763283381103
0.17	2.838474141255183
0.18	2.1406666376443084
0.19	1.3137962338757123
0.2	0.4132419802640774
0.21	-0.5072418873481128
0.22	-1.398578821163919
0.23	-2.219302064489327
0.24	-2.938130815706202
0.25	-3.5351482880626257
0.26	-4.000371082139753
0.27	-4.329577690290893
0.28	-4.51918456177945
0.29	-4.5631989053673125
0.3	-4.454474101976417
0.31	-4.189889883722204
0.32	-3.77648381732718
0.33	-3.23487930719046
0.34	-2.5980951992202
0.35	-1.9066402169260117
0.36	-1.202478500857563
0.37	-0.5238887534434613
0.38	0.098409090442141
0.39	0.6441050571409497
0.4	1.1044768652018506
0.41	1.4805182971962305
0.42	1.7777100776987207
0.43	1.9994665165460765
0.44	2.142774173844313
0.45	2.1985682942514746
0.46	2.1564138989154107
0.47	2.0103197287689807
0.48	1.7622480784786096
0.49	1.4222184062640137
0.5	1.006604138301809
0.51	0.536875422957992
0.52	0.039375189565958674
0.53	-0.4553725973615035
0.54	-0.9157118248833817
0.55	-1.314334089199478
0.56	-1.6337963440397598
0.57	-1.8689247308271568
0.58	-2.0248359570195467
0.59	-2.1121954718595823
0.6	-2.142616342203147
0.61	-2.125961362127898
0.62	-2.069320200427673
0.63	-1.976559971923518
0.64	-1.8480349589455483
0.65	-1.6812114510113136
0.66	-1.4731983347769224
0.67	-1.2249285808694095
0.68	-0.9449776932822271
0.69	-0.6505190359783669
0.7	-0.36447379297459814
0.71	-0.11030569263438328
0.72	0.09283125259965362
0.73	0.23259682342308208
0.74	0.30351276578883113
0.75	0.3059456815458951
0.76	0.2453961892732255
0.77	0.132157013953159
0.78	-0.019708203560261515
0.79	-0.19474681352442513
0.8	-0.37904258849655664
0.81	-0.5618379152850992
0.82	-0.7346517969079149
0.83	-0.8887115887462925
0.84	-1.0132556368724095
0.85	-1.0969384767037724
0.86	-1.1319990065839156
0.87	-1.1181545983986816
0.88	-1.063007432700167
0.89	-0.9784583856179803
0.9	-0.8757449421139318
0.91	-0.7624277544114352
0.92	-0.6425278471574327
0.93	-0.5182822163031867
0.94	-0.3912103081422014
0.95	-0.2617995831231902
0.96	-0.12912407217612853
0.97	0.008114261330062935
0.98	0.14933858161462327
0.99	0.2904133597933594
1.0	0.42393042680254434
1.01	0.5410187177799374
1.02	0.6328838880814108
1.03	0.6908157617707543
1.04	0.7052450055828013
1.05	0.6657856785722264
1.06	0.563754403241453
1.07	0.3966805250322474
1.08	0.17241437535499735
1.09	-0.08978992340918529
1.1	-0.3621661711377099
1.11	-0.614018266790906
1.12	-0.8175812381722445
1.13	-0.9523046407372937
1.14	-1.0071852854393784
1.15	-0.9818734557425642
1.16	-0.8871158932700474
1.17	-0.7439997949984677
1.18	-0.5808074931260149
1.19	-0.4271830339295397
1.2	-0.3072381706520489
1.21	-0.23443079895751195
1.22	-0.21028535394902462
1.23	-0.22676899281392135
1.24	-0.2702122173416502
1.25	-0.3246742232467129
1.26	-0.37440906350769254
1.27	-0.40656236744054
1.28	-0.4146614434356108
1.29	-0.40150777574994356
1.3	-0.37917200961530095
1.31	-0.36526708010148917
1.32	-0.37721877626496525
1.33	-0.4274182165408344
1.34	-0.5209562767849256
1.35	-0.6554561801098019
1.36	-0.8215048760903317
1.37	-1.003130838239568
1.38	-1.179368317828688
1.39	-1.3281920289881484
1.4	-1.4324446148391408
1.41	-1.485261041456349
1.42	-1.491925299127523
1.43	-1.4667897099594103
1.44	-1.4267083302611958
1.45	-1.3843676940374883
1.46	-1.3446351021782792
1.47	-1.304966911895287
1.48	-1.2586681572868195
1.49	-1.1988338887474561
1.5	-1.1213300278750227
1.51	-1.0263051911086083
1.52	-0.9184840777982588
1.53	-0.8065582547495869
1.54	-0.7017628893059311
1.55	-0.6157935276059622
1.56	-0.5586773036399739
1.57	-0.5375168162033119
1.58	-0.5566023811736942
1.59	-0.6183691768614373
1.6	-0.7239308587341481
1.61	-0.8722465395994241
1.62	-1.0583201352132563
1.63	-1.2721242681136447
1.64	-1.4998925923988187
1.65	-1.727786164438498
1.66	-1.9459765554500872
1.67	-2.1505397032953897
1.68	-2.3416019682426983
1.69	-2.518658869493921
1.7	-2.6756536663826287
1.71	-2.798657538057335
1.72	-2.8674509644013084
1.73	-2.8600754949673943
1.74	-2.758158671824855
1.75	-2.551121607556399
1.76	-2.2387813897466122
1.77	-1.8327939678396241
1.78	-1.3572763011332158
1.79	-0.847791845290054
1.8	-0.34767119199053237
1.81	0.09832221170724431
1.82	0.4511791012006585
1.83	0.6831793484801952
1.84	0.7803228631715604
1.85	0.7420423500405063
1.86	0.5795711572036438
1.87	0.3139480503276928
1.88	-0.026390756955729105
1.89	-0.40873489266038293
1.9	-0.7999533189848129
1.91	-1.1701934191029262
1.92	-1.4958395604925014
1.93	-1.761219888756004
1.94	-1.959275936969277
1.95	-2.090980640524221
1.96	-2.1634269874312997
1.97	-2.187095211383432
1.98	-2.172157052644927
1.99	-2.125163040902972
2.0	-2.0475176986613164
2.01	-1.9375595275383113
2.02	-1.7888924980987135
2.03	-1.5974448134721517
2.04	-1.3616292097528533
2.05	-1.08553351524362
2.06	-0.7785924709131996
2.07	-0.45285322852243104
2.08	-0.12294588688163359
2.09	0.1959289489177285
2.1	0.4883369630139475
2.11	0.7382791519282539
2.12	0.9295319486892755
2.13	1.0463567399001257
2.14	1.074906432243329
2.15	1.0131320075170256
2.16	0.8622552599098549
2.17	0.6365036909625986
2.18	0.3569243784498431
2.19	0.049522612626369415
2.2	-0.2615139941475081
2.21	-0.5551642534543483
2.22	-0.8171510947200247
2.23	-1.0396336475213843
2.24	-1.2197151320596866
2.25	-1.35909526694078
2.26	-1.4605651239157638
2.27	-1.5287683077769036
2.28	-1.5677484813452458
2.29	-1.5802628521821067
2.3	-1.566043554951132
2.31	-1.5228330852834464
2.32	-1.4453507564255943
2.33	-1.3271213498614982
2.34	-1.162802183846383
2.35	-0.9510219737194823
2.36	-0.6963609274982578
2.37	-0.4125767020034056
2.38	-0.1195123838541753
2.39	0.15514879084334957
2.4	0.38586365500563957
2.41	0.5500269046524948
2.42	0.634683710642657
2.43	0.6383184121872455
2.44	0.569355636674152
2.45	0.44400977807718106
2.46	0.28118088523078283
2.47	0.09760576424673667
2.48	-0.09403741736111873
2.49	-0.2868893556585614
2.5	-0.4776458442181429
2.51	-0.6634811435673676
2.52	-0.838992128209358
2.53	-0.9955550229540544
2.54	-1.1221002414207977
2.55	-1.2082143852169567
2.56	-1.2473954393407467
2.57	-1.2379729653037808
2.58	-1.1826015647026762
2.59	-1.086468268982706
2.6	-0.9557265933475841
2.61	-0.7958457745134085
2.62	-0.6113975876949899
2.63	-0.40515556489830434
2.64	-0.17670825585492703
2.65	0.07443711576509858
2.66	0.34937709762446884
2.67	0.6473459247474236
2.68	0.962340253766676
2.69	1.28430722662677
2.7	1.5993786660775038
2.71	1.8886754249692996
2.72	2.131552336178962
2.73	2.30462349591244
2.74	2.3833321156049365
2.75	2.3468570838536933
2.76	2.178648416329438
2.77	1.8715946563603296
2.78	1.4307712822222904
2.79	0.8747020556814498
2.8	0.2357586181642115
2.81	-0.44253931911548655
2.82	-1.1103557541436078
2.83	-1.718623207912564
2.84	-2.2263460888183517
2.85	-2.60687576887237
2.86	-2.850482642400694
2.87	-2.9622919878352083
2.88	-2.9577613559450375
2.89	-2.8557301616381774
2.9	-2.6728207450794375
2.91	-2.420470655642995
2.92	-2.10445853491222
2.93	-1.7275570594585927
2.94	-1.2923338137823508
2.95	-0.8053801525172295
2.96	-0.2803403994128521
2.97	0.26002757006725874
2.98	0.7844796100681557
2.99	1.2566171199884828
3.0	1.6387074589442119
3.01	1.895896369367794
3.02	2.0008379387345503
3.03	1.9339478768630678
3.04	1.6895396585272218
3.05	1.2767654334986411
3.06	0.7198174414025562
3.07	0.0570154912529324
3.08	-0.6649844089606495
3.09	-1.4014780889219907
3.1	-2.1113961245502266
3.11	-2.76543523037728
3.12	-3.343783060160992
3.13	-3.8353646813807316
3.14	-4.236046836922343
3.15	-4.546447411659495
3.16	-4.769544259665657
3.17	-4.908525202503478
3.18	-4.963994928705758
3.19	-4.934009393729474
3.2	-4.814159137328667
3.21	-4.600248357359686
3.22	-4.290310447180679
3.23	-3.885519326640538
3.24	-3.391032165791444
3.25	-2.8147054741207054
3.26	-2.1708828391963015
3.27	-1.4789692684249238
3.28	-0.7659571304374778
3.29	-0.06544927308818739
3.3	0.585271457671267
3.31	1.1490424552921579
3.32	1.5930617124918034
3.33	1.8919220035951179
3.34	2.0298891197395386
3.35	2.002445330362986
3.36	1.8161464108666048
3.37	1.4888745085928519
3.38	1.0458842506309451
3.39	0.5161655569122949
3.4	-0.0701093309515278
3.41	-0.6853554366849853
3.42	-1.303837230878185
3.43	-1.9019529201762597
3.44	-2.457491373264551
3.45	-2.9512692896070285
3.46	-3.368311707891002
3.47	-3.699940639885193
3.48	-3.9417292408472857
3.49	-4.091695293691582
3.5	-4.147798788422192
3.51	-4.1065579448727165
3.52	-3.9641621213657268
3.53	-3.7177301416881523
3.54	-3.3664844254649102
3.55	-2.9137130548548145
3.56	-2.3687557192620528
3.57	-1.749724186863451
3.58	-1.0849402250871765
3.59	-0.41097022100560143
3.6	0.23258958626223444
3.61	0.8094724871889205
3.62	1.2912994547430516
3.63	1.658604360170945
3.64	1.8996026750967079
3.65	2.008321721191268
3.66	1.984276126513588
3.67	1.832652640475414
3.68	1.5640284425338882
3.69	1.1931357551726771
3.7	0.7369733575695466
3.71	0.21399735290509847
3.72	-0.35550266032095534
3.73	-0.9481926904804157
3.74	-1.5400686466533522
3.75	-2.1029657145661504
3.76	-2.6112601171732845
3.77	-3.0421761164057
3.78	-3.3768143734665585
3.79	-3.6026060115126635
3.8	-3.713532754342793
3.81	-3.711377806257978
3.82	-3.6061749023172074
3.83	-3.4150907260761447
3.84	-3.15867289080785
3.85	-2.8557663664026203
3.86	-2.5194749155072262
3.87	-2.1563795626472735
3.88	-1.7697502025583427
3.89	-1.3645259458174197
3.9	-0.9503995259625339
3.91	-0.5419689701599696
3.92	-0.1571435005824716
3.93	0.18433733069074593
3.94	0.4613157405126218
3.95	0.6528287113956759
3.96	0.7420983693141937
3.97	0.7227572183480644
3.98	0.6030727918897466
3.99	0.4051607645482329
4.0	0.15894415012517832
4.01	-0.105514248699805
4.02	-0.3632234644542469
4.03	-0.5955617755112762
4.04	-0.7896666509270802
4.05	-0.9381619997826346
4.06	-1.039893027597807
4.07	-1.1008966932580024
4.08	-1.1324097735271217
4.09	-1.1474581597084823
4.1	-1.157011326346639
4.11	-1.167596356802518
4.12	-1.1815774156723884
4.13	-1.197210531282835
4.14	-1.2101813564433161
4.15	-1.212004815798914
4.16	-1.1905650687002443
4.17	-1.1345538232791552
4.18	-1.0353647199585136
4.19	-0.893375090078413
4.2	-0.7184940952545975
4.21	-0.5274749379347744
4.22	-0.33758100359279236
4.23	-0.16132572394975164
4.24	-0.003790399897968019
4.25	0.13616117876358713
4.26	0.2627032432957696
4.27	0.3801666631806607
4.28	0.49096933206660975
4.29	0.5943281514056561
4.3	0.6846990726534522
4.31	0.7510609449252493
4.32	0.7784830656417502
4.33	0.7527627756525097
4.34	0.6667039597090618
4.35	0.5242236723644119
4.36	0.3397453577239405
4.37	0.13286192706046424
4.38	-0.07826880269592076
4.39	-0.2806692503661152
4.4	-0.46624285237648866
4.41	-0.6293254723406024
4.42	-0.7643559870835862
4.43	-0.8657420354039895
4.44	-0.9279617339734388
4.45	-0.9459204206310955
4.46	-0.9144729987184085
4.47	-0.8301202922607384
4.48	-0.6942567177666895
4.49	-0.5159135835160816
4.5	-0.3152418378550184
4.51	-0.11698238801375765
4.52	0.05394021536985616
4.53	0.17917219320385874
4.54	0.2505588866914765
4.55	0.26685302730890986
4.56	0.23140168149961163
4.57	0.1493663777674077
4.58	0.028511731218694894
4.59	-0.1198866235605623
4.6	-0.28142180098363223
4.61	-0.4408853843962349
4.62	-0.5852101552178495
4.63	-0.7054027474555132
4.64	-0.7965168227159103
4.65	-0.8565445299864829
4.66	-0.8857884607842391
4.67	-0.887281773281281
4.68	-0.8677294818604775
4.69	-0.8372547795344858
4.7	-0.8071705473693968
4.71	-0.7865766530150219
4.72	-0.7800742451186427
4.73	-0.7883666174183501
4.74	-0.8113394279311382
4.75	-0.8510982285581581
4.76	-0.9122067846153495
4.77	-0.999356378639525
4.78	-1.1136571558023478
4.79	-1.2507400822247405
4.8	-1.4009802870523773
4.81	-1.5509489925141007
4.82	-1.684988464530285
4.83	-1.786916076769773
4.84	-1.8429965807658804
4.85	-1.8466936545445969
4.86	-1.8029386993057868
4.87	-1.7287968711881445
4.88	-1.6487150622302904
4.89	-1.586266266644206
4.9	-1.557254102338951
4.91	-1.5658820784072731
4.92	-1.605989490041537
4.93	-1.663436444923453
4.94	-1.7191388684620492
4.95	-1.7517682273514708
4.96	-1.7419830276364814
4.97	-1.6777116996285155
4.98	-1.5586134490676873
4.99	-1.3971231019014414
5.0	-1.2150851724842577
5.01	-1.0376606592653574
5.02	-0.8873870218449345
5.03	-0.7805305601883775
5.04	-0.7259629030532968
5.05	-0.7248274495757384
5.06	-0.770392635048353
5.07	-0.8474878487671859
5.08	-0.9342375424140201
5.09	-1.0068482819872704
5.1	-1.0472693183342505
5.11	-1.0504081229524103
5.12	-1.0273199182078043
5.13	-1.0022740080691155
5.14	-1.0052847119824768
5.15	-1.0636463950404502
5.16	-1.1954867354957157
5.17	-1.4054202275016927
5.18	-1.6822987968420748
5.19	-1.9980057194002752
5.2	-2.309967943106029
5.21	-2.567476625984744
5.22	-2.7228525118588682
5.23	-2.7421132205073016
5.24	-2.611993036728975
5.25	-2.3404322491293357
5.26	-1.9519583503977282
5.27	-1.4820969121491228
5.28	-0.9721857394082282
5.29	-0.465618538432641
5.3	-0.002482628981648434
5.31	0.38562696695405807
5.32	0.6803442763410403
5.33	0.8765418962838053
5.34	0.9794850716779276
5.35	0.9987810680673206
5.36	0.9443279251168926
5.37	0.8248284724163291
5.38	0.6485731953204379
5.39	0.42485269342749793
5.4	0.16362644106359722
5.41	-0.12536715779445354
5.42	-0.43351922602324744
5.43	-0.753160965569448
5.44	-1.0763448443476922
5.45	-1.3940342602454339
5.46	-1.6962512031157473
5.47	-1.9732192058906053
5.48	-2.2161396585461315
5.49	-2.4170328225767044
5.5	-2.567915068992109
5.51	-2.660290837848002
5.52	-2.6856122149226542
5.53	-2.6363583447096697
5.54	-2.506954690664608
5.55	-2.2944914344581564
5.56	-1.9992907937690463
5.57	-1.6265061944734274
5.58	-1.1885691266585865
5.59	-0.707154538049371
5.6	-0.2131228110483539
5.61	0.25663402505160093
5.62	0.6647268819685508
5.63	0.9792235464288379
5.64	1.177723294422605
5.65	1.248806072932809
5.66	1.1921242826730922
5.67	1.017983004896163
5.68	0.7474090584791099
5.69	0.4111285624015202
5.7	0.04629875200408677
5.71	-0.3096816156338701
5.72	-0.6259303523574191
5.73	-0.8827714645260233
5.74	-1.0723589417237933
5.75	-1.1962476582188153
5.76	-1.261823298677486
5.77	-1.2791155533534466
5.78	-1.2579776565342375
5.79	-1.2050228545152308
5.8	-1.1208869640520194
5.81	-1.000031359243767
5.82	-0.8337334023068808
5.83	-0.6157773275125188
5.84	-0.3474050482048378
5.85	-0.038741561450907555
5.86	0.293181469365769
5.87	0.6279250749373598
5.88	0.9440180465861691
5.89	1.2200744876645555
5.9	1.435883493785918
5.91	1.5746046244314866
5.92	1.626030312329034
5.93	1.5892429659695282
5.94	1.473090599401686
5.95	1.2940331693032
5.96	1.072545255739352
5.97	0.8296294547325043
5.98	0.5842364798907534
5.99	0.35203716086159736
6.0	0.1443489176318893
6.01	-0.03217136426808355
6.02	-0.17600345888933508
6.03	-0.29013274194735583
6.04	-0.3802487788481383
6.05	-0.45239555519453606
6.06	-0.5115873945433329
6.07	-0.5617979273050083
6.08	-0.6072468688155425
6.09	-0.6527092190747303
6.1	-0.702075577872501
6.11	-0.7552854347961645
6.12	-0.8059523784605839
6.13	-0.8415297151076839
6.14	-0.846516009579346
6.15	-0.8067412820990257
6.16	-0.7126489528898957
6.17	-0.5610698931326857
6.18	-0.35617884071524386
6.19	-0.11052043572954436
6.2	0.15449203439046563
6.21	0.40998273093304577
6.22	0.6235146066729541
6.23	0.7648896646312813
6.24	0.8112796632111812
6.25	0.750165323949371
6.26	0.5797001754596204
6.27	0.3075391350828641
6.28	-0.04974831531121941
6.29	-0.46809581224718266
6.3	-0.9177779317288663
6.31	-1.3678120765338386
6.32	-1.7915112696162814
6.33	-2.1713773988036635
6.34	-2.5003335238080746
6.35	-2.7787700252863035
6.36	-3.0091318844130748
6.37	-3.1908320944122197
6.38	-3.3179302542115554
6.39	-3.3788168930799243
6.4	-3.3580742599034235
6.41	-3.23912514012177
6.42	-3.0082173521513513
6.43	-2.6593259527624826
6.44	-2.1991057981620687
6.45	-1.6495495509062417
6.46	-1.046440096937552
6.47	-0.4335870540161187
6.48	0.1450841741291697
6.49	0.652681536314479
6.5	1.0635246604082804
6.51	1.3638005603719092
6.52	1.5504424885826937
6.53	1.628372636270328
6.54	1.6081562590139764
6.55	1.502767820293631
6.56	1.3245576075278593
6.57	1.0826289388295196
6.58	0.7821812037591895
6.59	0.4254908851444461
6.6	0.014570279919290986
6.61	-0.4463856131338574
6.62	-0.9490703995792488
6.63	-1.4807851753616543
6.64	-2.0242563559384044
6.65	-2.5572281034524416
6.66	-3.0524312481224722
6.67	-3.4785606508940625
6.68	-3.80366759075548
6.69	-4.000676042082401
6.7	-4.053182823470543
6.71	-3.959138377279287
6.72	-3.7306116231422184
6.73	-3.3900707183125003
6.74	-2.964292021725291
6.75	-2.4783672936468264
6.76	-1.9513945793749463
6.77	-1.3957273119742275
6.78	-0.8192292045265426
6.79	-0.23017953676687541
6.8	0.3577358659707982
6.81	0.9221305897353971
6.82	1.4312778236721293
6.83	1.846567457966798
6.84	2.127727500145659
6.85	2.2398533419431526
6.86	2.1605543922927137
6.87	1.8854917376347657
6.88	1.4303648289451438
6.89	0.8288084015660004
6.9	0.1268481519291482
6.91	-0.6242730125183338
6.92	-1.3752494459405147
6.93	-2.084376153627749
6.94	-2.7213394185340665
6.95	-3.2685037597363573
6.96	-3.7196572903936436
6.97	-4.076761709854943
6.98	-4.345496378481122
6.99	-4.531331206469854
7.0	-4.637171084145785
7.01	-4.662981468572558
7.02	-4.606702938958989
7.03	-4.465597581423093
7.04	-4.237460796381269
7.05	-3.9217884413658766
7.06	-3.5209719541878033
7.07	-3.041516789146479
7.08	-2.495446995331925
7.09	-1.9014350841706955
7.1	-1.2854227387242447
7.11	-0.6796412260798343
7.12	-0.11952387670078783
7.13	0.3611655511300172
7.14	0.7356476333083404
7.15	0.9878839436165373
7.16	1.1135247123577852
7.17	1.1180804635882262
7.18	1.0134841392403584
7.19	0.8145391797800396
7.2	0.5365737257505441
7.21	0.19495691836802975
7.22	-0.1938134344032334
7.23	-0.6108627449223178
7.24	-1.0349585136479644
7.25	-1.444261816614834
7.26	-1.8191657001446773
7.27	-2.1447212228779526
7.28	-2.4115460525133865
7.29	-2.614860199122139
7.3	-2.752703683034893
7.31	-2.8244255668384812
7.32	-2.8300551494530723
7.33	-2.770345525286718
7.34	-2.6467893492948575
7.35	-2.461306267515302
7.36	-2.215620722787236
7.37	-1.9110930018210728
7.38	-1.5495180351611622
7.39	-1.1351411702963068
7.4	-0.6770604760941682
7.41	-0.19122639946445394
7.42	0.2991221826955274
7.43	0.7646994204939528
7.44	1.1731058581165783
7.45	1.4930221901231084
7.46	1.699118113830525
7.47	1.7769613009776144
7.48	1.726698722377182
7.49	1.5639193921878967
7.5	1.316590478218947
7.51	1.0187118712894598
7.52	0.7030815005363167
7.53	0.3956991785029776
7.54	0.11347028062468525
7.55	-0.13544789790149292
7.56	-0.3497151063843804
7.57	-0.5324814194523417
7.58	-0.6887578476725947
7.59	-0.8224796026240909
7.6	-0.9340145261566309
7.61	-1.0191330836901942
7.62	-1.0705965294378301
7.63	-1.0813913099186856
7.64	-1.0483851289191404
7.65	-0.9740064589119246
7.66	-0.8652555170615527
7.67	-0.7304387908810429
7.68	-0.5759142480981163
7.69	-0.4045883403253014
7.7	-0.21703312402614136
7.71	-0.014426031038631605
7.72	0.19872461259912008
7.73	0.4137008032289389
7.74	0.6184762578606794
7.75	0.7995036649606032
7.76	0.9430697987993663
7.77	1.0362173599722346
7.78	1.0678844871901962
7.79	1.0305971710789277
7.8	0.9219618844372186
7.81	0.7453981919413585
7.82	0.5092456907893821
7.83	0.2258198125624972
7.84	-0.08890111167079892
7.85	-0.4149774610341271
7.86	-0.7293320713145508
7.87	-1.0090500392114587
7.88	-1.2365585959364092
7.89	-1.4040880969500602
7.9	-1.5148040555491273
7.91	-1.5800766320031097
7.92	-1.6146464959520375
7.93	-1.6322272490882876
7.94	-1.6427912275628116
7.95	-1.6509953735721237
7.96	-1.6553093050985748
7.97	-1.6475966006828247
7.98	-1.6147685292350635
7.99	-1.5432176604644177
8.0	-1.4251451847401642
8.01	-1.2642261391887533
8.02	-1.0774857340492132
8.03	-0.892855954606577
8.04	-0.7434450933118473
8.05	-0.6607709351098365
8.06	-0.6683501868921363
8.07	-0.7764170175111991
8.08	-0.9782164954512109
8.09	-1.249039572520818
8.1	-1.549222505031323
8.11	-1.8312100407865568
8.12	-2.0493150488300924
8.13	-2.1690802170903365
8.14	-2.1738195474415525
8.15	-2.0666175280714145
8.16	-1.8682223109246718
8.17	-1.611613444634666
8.18	-1.3349657698650894
8.19	-1.0742674149526683
8.2	-0.8568905853088697
8.21	-0.6974267855971856
8.22	-0.5969031234824274
8.23	-0.5455961831146494
8.24	-0.5285919963878857
8.25	-0.5318420286242462
8.26	-0.5464584572368116
8.27	-0.5697983158124793
8.28	-0.6037626032454174
8.29	-0.6521728969785078
8.3	-0.7188636889129996
8.31	-0.8071294102907481
8.32	-0.9195399963033688
8.33	-1.0567780231088406
8.34	-1.2160364099642225
8.35	-1.389472641964104
8.36	-1.5648607254553228
8.37	-1.727851854208068
8.38	-1.864518466548612
8.39	-1.9625403632986382
8.4	-2.0111853905253962
8.41	-2.0014256381835005
8.42	-1.9271614546081413
8.43	-1.7869329178470896
8.44	-1.584622249866953
8.45	-1.3283820753649496
8.46	-1.028900223748218
8.47	-0.6985879068977174
8.48	-0.35233981229386396
8.49	-0.008533208862004421
8.5	0.3112052236281573
8.51	0.5843101207802465
8.52	0.7902978622497168
8.53	0.9133824454184746
8.54	0.9433446164369015
8.55	0.8753310679630484
8.56	0.7100722669504348
8.57	0.454768128302592
8.58	0.12406614466912007
8.59	-0.2600981460785204
8.6	-0.6719548703744733
8.61	-1.0871992401373514
8.62	-1.488431875792448
8.63	-1.8678951709441236
8.64	-2.2260757187551157
8.65	-2.566985310230187
8.66	-2.89247996676776
8.67	-3.1979235657789657
8.68	-3.4705203815263816
8.69	-3.6901905316642987
8.7	-3.8323368994730718
8.71	-3.8722835399722064
8.72	-3.791073244540316
8.73	-3.5815728826536866
8.74	-3.2524629187066596
8.75	-2.827651981628759
8.76	-2.3410786373419987
8.77	-1.8295425933025928
8.78	-1.3271452795733472
8.79	-0.8629909984056875
8.8	-0.46078686713278844
8.81	-0.1380020122799283
8.82	0.0962090683710374
8.83	0.24239845519792172
8.84	0.30952438280819117
8.85	0.3105584078842589
8.86	0.25783655571158554
8.87	0.16111773039129307
8.88	0.028959862407443433
8.89	-0.128833980421373
8.9	-0.30075039638726686
8.91	-0.4759689239084309
8.92	-0.647658372743196
8.93	-0.8142439753306125
8.94	-0.9773490336011676
8.95	-1.1379408381461318
8.96	-1.293635753833917
8.97	-1.4389090679537457
8.98	-1.5673556765318335
8.99	-1.6736925345982612
9.0	-1.7537022334615107
9.01	-1.802324290572546
9.02	-1.8115888603485477
9.03	-1.7702051109270136
9.04	-1.665257826858337
9.05	-1.4850923118774704
9.06	-1.2220835235762755
9.07	-0.8749049234626044
9.08	-0.45068867602728985
9.09	0.03273412052562578
9.1	0.5455971625126931
9.11	1.0480046809242562
9.12	1.4958428574822715
9.13	1.8494838019369866
9.14	2.0814614848666793
9.15	2.179885270725076
9.16	2.146886645380726
9.17	1.9948709759053458
9.18	1.7436548355739692
9.19	1.4190458758536082
9.2	1.0512519753105545
9.21	0.6710484692601553
9.22	0.3042550151635363
9.23	-0.03278254860669234
9.24	-0.3337747097094403
9.25	-0.5988997909646265
9.26	-0.8297633487363902
9.27	-1.0260622667635104
9.28	-1.1849547682819148
9.29	-1.3018741810590058
9.3	-1.3710547884044817
9.31	-1.3856181826979583
9.32	-1.3384442993151213
9.33	-1.2249976319706888
9.34	-1.047168135134793
9.35	-0.8155630614491015
9.36	-0.5483629146456993
9.37	-0.2672439678829799
9.38	0.006741836805795617
9.39	0.25551935969248973
9.4	0.46401862458629034
9.41	0.6201165710732683
9.42	0.7154341153035363
9.43	0.7475457336857948
9.44	0.7211635845616091
9.45	0.6466631824415218
9.46	0.536181132406168
9.47	0.3994902206423834
9.48	0.24223239380205444
9.49	0.0673089089106926
9.5	-0.12218834905535929
9.51	-0.32094008456095047
9.52	-0.5217350744129987
9.53	-0.7173548873235199
9.54	-0.9025206707557283
9.55	-1.0731870328879458
9.56	-1.224639429810695
9.57	-1.349928388990271
9.58	-1.4405229113947835
9.59	-1.4891789341415227
9.6	-1.492614721857835
9.61	-1.4517742444434814
9.62	-1.3694616277090839
9.63	-1.2473961188263332
9.64	-1.0851948172978387
9.65	-0.881874378601598
9.66	-0.6380514318820532
9.67	-0.35663080316856455
9.68	-0.04216486811946209
9.69	0.2994614884744399
9.7	0.6589626760265017
9.71	1.0204363040944264
9.72	1.3595836059716606
9.73	1.646092755785591
9.74	1.8493604919350473
9.75	1.9442181245733008
9.76	1.913698464170709
9.77	1.7489092568528704
9.78	1.4488971791778582
9.79	1.0223270029066365
9.8	0.4902584879306083
9.81	-0.11315063496675304
9.82	-0.7444696919164876
9.83	-1.358736197267152
9.84	-1.917447523177116
9.85	-2.3930725536888233
9.86	-2.7689664619378265
9.87	-3.03659888582354
9.88	-3.1928180832644655
9.89	-3.2386803369772763
9.9	-3.179285824635231
9.91	-3.02323783316564
9.92	-2.7810985466353353
9.93	-2.4634777565934676
9.94	-2.080264232186439
9.95	-1.6416092776052063
9.96	-1.1596386410414825
9.97	-0.6492368833261608
9.98	-0.12723280241807908
9.99	0.3886967604740834
10.0	0.87963877080775
