0.	-4.
0.01	-3.976597713891412
0.02	-3.90637167127662
0.03	-3.789324562549396
0.04	-3.6256518530983204
0.05	-3.4159953663794207
0.06	-3.1617377321702085
0.07	-2.865288445375464
0.08	-2.530312342618809
0.09	-2.161858781984532
0.1	-1.7663634756662234
0.11	-1.3515126107860405
0.12	-0.9259778588506269
0.13	-0.49904824575294937
0.14	-0.08019808187366466
0.15	0.32136259861217453
0.16	0.6971082200827012
0.17	1.039547776373436
0.18	1.3424757058749857
0.19	1.601109229003423
0.2	1.812113599329407
0.21	1.9735309030427866
0.22	2.0846385734786015
0.23	2.145769285266257
0.24	2.15812386682328
0.25	2.1236037654211
0.26	2.0446806805759676
0.27	1.9243100858552924
0.28	1.7658845595949106
0.29	1.5732140857386385
0.3	1.3505152492513566
0.31	1.1023903119419418
0.32	0.8337804673337113
0.33	0.5498842994839316
0.34	0.2560411519247511
0.35	-0.04241205083343416
0.36	-0.34029480004092627
0.37	-0.6327280253358587
0.38	-0.915250281977206
0.39	-1.1838892716236968
0.4	-1.4351803117791975
0.41000000000000003	-1.6661328814475513
0.42000000000000004	-1.8741561768247283
0.43	-2.056962838330563
0.44	-2.2124750289463617
0.45	-2.338757768237592
0.46	-2.434000522266639
0.47	-2.4965600076774557
0.48	-2.525066232778347
0.49	-2.5185817619272206
0.5	-2.476793090209829
0.51	-2.400204790402883
0.52	-2.2903032480289136
0.53	-2.1496581456071255
0.54	-1.9819363714179539
0.55	-1.791813849116218
0.56	-1.5847843449628944
0.5700000000000001	-1.3668785858767611
0.5800000000000001	-1.1443198565038595
0.5900000000000001	-0.9231516871596284
0.6000000000000001	-0.7088778601167587
0.61	-0.5061540471721772
0.62	-0.31856408230655436
0.63	-0.1485031132269113
0.64	0.002823739010625978
0.65	0.13529305798463548
0.66	0.24966424834490786
0.67	0.3473193808296634
0.68	0.4299768436079902
0.6900000000000001	0.4994146286990683
0.7	0.5572349383441784
0.71	0.6046936271090291
0.72	0.6426072358124001
0.73	0.6713387743593505
0.74	0.6908527487766638
0.75	0.7008217200150264
0.76	0.7007619539345591
0.77	0.6901748672752075
0.78	0.6686737278963018
0.79	0.6360805904481406
0.8	0.5924855102859126
0.81	0.5382672975883439
0.8200000000000001	0.47408117432548413
0.8300000000000001	0.40082273188471745
0.8400000000000001	0.3195790901808022
0.85	0.23157719762745776
0.86	0.13813633723160612
0.87	0.04062801222571644
0.88	-0.059557488353094934
0.89	-0.16104144075735471
0.9	-0.26248879118126245
0.91	-0.36264616479611755
0.92	-0.46038750711152504
0.9299999999999999	-0.5547655276403979
0.94	-0.6450633061980718
0.95	-0.7308373383463741
0.96	-0.8119418029733048
0.97	-0.8885244970333264
0.98	-0.9609878370797346
0.99	-1.0299132364236692
1.	-1.095953262715964
1.01	-1.159702195359283
1.02	-1.2215607581346637
1.03	-1.2816138316652346
1.04	-1.3395401000556963
1.05	-1.394569574945087
1.06	-1.4454990351919552
1.07	-1.4907674177584773
1.08	-1.5285843067099643
1.0899999999999999	-1.5570963272708231
1.1	-1.5745698786774847
1.1099999999999999	-1.579565387977175
1.1199999999999999	-1.5710788174790484
1.13	-1.5486305802753435
1.14	-1.5122897317931843
1.15	-1.4626311569384456
1.16	-1.4006339096216065
1.17	-1.327538184008466
1.18	-1.2446850412163117
1.19	-1.1533658246323881
1.2	-1.0547066291530247
1.21	-0.9496074233513736
1.22	-0.8387463441130848
1.23	-0.7226487448204981
1.24	-0.6018095656762572
1.25	-0.47684832500122654
1.26	-0.34867004376615873
1.27	-0.21860371314620508
1.28	-0.0884927862923188
1.29	0.0392808500018457
1.3	0.1618480400924141
1.31	0.27597602558007095
1.32	0.37825123282633827
1.33	0.46529928293326994
1.34	0.534015350166386
1.35	0.581777265623827
1.36	0.6066172586152705
1.37	0.6073352246555571
1.3800000000000001	0.583545619679644
1.3900000000000001	0.5356598905781923
1.4	0.4648151060242575
1.4100000000000001	0.3727657373826026
1.42	0.2617584289772036
1.43	0.13440879405495554
1.44	-0.006404850749299085
1.45	-0.15762238609368107
1.46	-0.3160564892531219
1.47	-0.4784269803330021
1.48	-0.641386062945532
1.49	-0.8015478215838642
1.5	-0.9555342341092128
1.51	-1.1000457501563972
1.52	-1.2319580043971283
1.53	-1.3484387759498517
1.54	-1.4470724050872523
1.55	-1.5259740214593784
1.56	-1.5838742808908395
1.57	-1.620157447632513
1.58	-1.634841497435419
1.59	-1.6284976454663578
1.6	-1.6021169169308536
1.61	-1.556941302131524
1.62	-1.494284828759493
1.6300000000000001	-1.4153739597476656
1.6400000000000001	-1.3212360579196134
1.6500000000000001	-1.2126589875195557
1.6600000000000001	-1.0902348362623633
1.6700000000000002	-0.9544876188456215
1.6800000000000002	-0.8060706349263584
1.6900000000000002	-0.6460061579137178
1.7000000000000002	-0.4759305028585622
1.7100000000000002	-0.2983029979479756
1.7200000000000002	-0.11653896010101034
1.73	0.06496547780131329
1.7400000000000002	0.2409358124167194
1.75	0.40545143719795174
1.76	0.5522924816228776
1.77	0.6753695140712508
1.78	0.7691916952778808
1.79	0.8293219133560671
1.8	0.8527671120619814
1.81	0.8382585574140972
1.82	0.7863893026811429
1.83	0.6995928830181128
1.84	0.5819659807026993
1.85	0.4389558858493115
1.86	0.27694860386744136
1.87	0.10280348300100745
1.8800000000000001	-0.0766159349528529
1.8900000000000001	-0.2548677745289963
1.9000000000000001	-0.4262757805354491
1.9100000000000001	-0.586165555348019
1.92	-0.7309824151330657
1.93	-0.8582954344174462
1.94	-0.9667054287742793
1.95	-1.055684043668279
1.96	-1.1253757399945825
1.97	-1.1763940618477795
1.98	-1.2096387039328087
1.99	-1.226151790350015
2.	-1.227022081855072
2.01	-1.2133363177714287
2.02	-1.1861691607848528
2.03	-1.1465983907592892
2.04	-1.0957306098329926
2.05	-1.0347246199331548
2.06	-0.9648040486943297
2.07	-0.887256527320392
2.08	-0.8034223732575996
2.09	-0.7146799986354845
2.1	-0.6224371885325564
2.11	-0.5281365282456232
2.12	-0.43327976329277157
2.13	-0.3394704726276752
2.14	-0.24846827107336084
2.15	-0.16224218099476917
2.16	-0.08300711970167585
2.17	-0.013226626499875715
2.1799999999999997	0.044432511196520696
2.19	0.08720230132372042
2.2	0.11237255074108199
2.21	0.11749756687343726
2.2199999999999998	0.10063200462234112
2.23	0.06056986514679996
2.24	-0.0029435636664161824
2.25	-0.08905710551407076
2.2600000000000002	-0.1957423322889057
2.27	-0.3198228891501517
2.2800000000000002	-0.457110471109812
2.29	-0.6026404239689838
2.3000000000000003	-0.7509872614793549
2.31	-0.8966298357113833
2.3200000000000003	-1.0343290122662012
2.33	-1.1594785180723146
2.3400000000000003	-1.2683925065026547
2.35	-1.3585009518247166
2.3600000000000003	-1.428435197074774
2.37	-1.477999275332614
2.3800000000000003	-1.508036165615921
2.39	-1.520210093706508
2.4000000000000004	-1.5167347825266166
2.41	-1.5000821340389738
2.4200000000000004	-1.472705765247524
2.43	-1.4368093846115864
2.4400000000000004	-1.3941820513499394
2.45	-1.346112224848739
2.4600000000000004	-1.2933817231448814
2.47	-1.2363307823189567
2.4800000000000004	-1.1749776053551846
2.49	-1.1091709502086256
2.5	-1.0387527609259184
2.5100000000000002	-0.9637094090271715
2.5200000000000005	-0.8842941720236569
2.5300000000000002	-0.8011092342144225
2.54	-0.715141745175837
2.5500000000000003	-0.6277543720125502
2.56	-0.5406355977278932
2.57	-0.45571831062389123
2.58	-0.3750768798825773
2.59	-0.30081308775357685
2.6	-0.23494036066158952
2.61	-0.17927417814519198
2.62	-0.13533479409808868
2.63	-0.10426682824207434
2.64	-0.08677906399807278
2.65	-0.08310693245827805
2.66	-0.09299953227398067
2.67	-0.11573240352633737
2.68	-0.15014639923589002
2.69	-0.19471170569832585
2.7	-0.24761430384787309
2.71	-0.3068600489274057
2.72	-0.3703893399755884
2.73	-0.4361934323199832
2.74	-0.5024222359165795
2.75	-0.5674733151762965
2.7600000000000002	-0.6300530044529743
2.77	-0.6892031183841807
2.7800000000000002	-0.7442904707741494
2.79	-0.794960892066461
2.8	-0.8410640477772046
2.81	-0.8825594153454817
2.8200000000000003	-0.9194166093957264
2.83	-0.9515243372163259
2.84	-0.9786213473536544
2.85	-1.0002598455351814
2.86	-1.0158073559665792
2.87	-1.0244875395614466
2.88	-1.0254548584651306
2.8899999999999997	-1.017893058006681
2.9	-1.0011239835889834
2.9099999999999997	-0.9747117928243988
2.92	-0.9385483739645355
2.9299999999999997	-0.8929085955098899
2.94	-0.8384684137771882
2.9499999999999997	-0.7762841335525437
2.96	-0.7077364092492551
2.9699999999999998	-0.6344470712902948
2.98	-0.5581799065547961
2.9899999999999998	-0.48073772067779785
3.	-0.40386729387296716
3.01	-0.32918146089770084
3.02	-0.2581040124161539
3.03	-0.19183910359315987
3.04	-0.13136307751399579
3.05	-0.07743368854253425
3.06	-0.03061007321602746
3.07	0.008723366734640137
3.08	0.040334841214734685
3.09	0.06412832431124271
3.1	0.0801328745222657
3.11	0.08849651567257621
3.12	0.08948124453931856
3.13	0.08345497374307093
3.1399999999999997	0.07087670230016047
3.15	0.052272842385544166
3.16	0.028205082259578212
3.17	-0.0007670938875652678
3.1799999999999997	-0.03412369624874877
3.19	-0.07141430561554182
3.2	-0.11227378824016729
3.21	-0.15641795196522737
3.22	-0.20361637239403318
3.23	-0.25364361744551045
3.24	-0.30621451504921915
3.25	-0.3609131358516211
3.2600000000000002	-0.4171279849507622
3.27	-0.47400684085754435
3.2800000000000002	-0.5304433527289025
3.29	-0.5851038899455127
3.3000000000000003	-0.636497620967319
3.31	-0.6830861402137572
3.3200000000000003	-0.7234221833386763
3.33	-0.7563011942970863
3.3400000000000003	-0.7809057664528566
3.35	-0.7969220394003689
3.3600000000000003	-0.8046093437515567
3.37	-0.8048096045623502
3.3800000000000003	-0.7988906041620589
3.39	-0.7886261217273716
3.4000000000000004	-0.7760249102559854
3.41	-0.7631280877117987
3.4200000000000004	-0.751799613690672
3.43	-0.7435362534059153
3.4400000000000004	-0.7393214454538615
3.45	-0.7395419914245414
3.46	-0.743978208573066
3.47	-0.7518682927543063
3.4800000000000004	-0.7620375441739888
3.49	-0.7730742737231262
3.5	-0.7835279184706843
3.5100000000000002	-0.7921020692767166
3.52	-0.7978161635962548
3.53	-0.800114366223835
3.54	-0.7989079481835233
3.55	-0.7945471361941259
3.56	-0.7877285286562377
3.57	-0.7793532864045118
3.58	-0.77035809621354
3.59	-0.7615444174957411
3.6	-0.7534313001072662
3.61	-0.7461532067253469
3.62	-0.7394174274462562
3.63	-0.7325269088640851
3.64	-0.7244649656783303
3.65	-0.71402977938562
3.66	-0.7000000304185454
3.67	-0.6813093243673314
3.68	-0.6572066576448986
3.69	-0.6273829096860326
3.7	-0.5920486647161378
3.71	-0.5519556208441965
3.72	-0.5083613184114203
3.73	-0.4629437999328152
3.74	-0.41767817110993466
3.75	-0.37469025593396377
3.76	-0.336103409865414
3.77	-0.3038932462481693
3.7800000000000002	-0.2797620403399411
3.79	-0.26504060833336907
3.8	-0.2606212858624203
3.81	-0.2669219450893868
3.82	-0.2838782930234546
3.83	-0.31096022634408904
3.84	-0.347207743225407
3.8499999999999996	-0.39128255502221393
3.86	-0.441532665193023
3.8699999999999997	-0.4960682988005947
3.88	-0.5528482344778582
3.8899999999999997	-0.6097755163048242
3.9	-0.6648006128893954
3.9099999999999997	-0.7160284735496747
3.92	-0.7618239317630313
3.9299999999999997	-0.8009079829995938
3.94	-0.8324361225574295
3.9499999999999997	-0.8560496211470938
3.96	-0.871891649193127
3.9699999999999998	-0.8805826287731764
3.98	-0.8831529403883591
3.9899999999999998	-0.8809357452722072
4.	-0.8754276160106008
4.01	-0.868129204439777
4.02	-0.8603816198666188
4.03	-0.8532159556458562
4.04	-0.8472331084333213
4.05	-0.8425285782271906
4.06	-0.8386725175922974
4.07	-0.8347493971663904
4.08	-0.8294549727014875
4.09	-0.8212415988939865
4.1	-0.8084971652054037
4.109999999999999	-0.7897387476694101
4.12	-0.7637999920195142
4.13	-0.7299915129454922
4.14	-0.6882161674730194
4.1499999999999995	-0.6390256224284669
4.16	-0.5836106556987156
4.17	-0.5237244390528571
4.18	-0.4615449254563682
4.19	-0.3994887153682644
4.2	-0.3399938115691513
4.21	-0.28529204203477665
4.22	-0.23719335572874062
4.23	-0.19690357252471874
4.24	-0.16489455904620148
4.25	-0.14084142259705637
4.26	-0.12363551412242446
4.2700000000000005	-0.11147526828125914
4.28	-0.10202973095559797
4.29	-0.09266263526071541
4.3	-0.0806987085489756
4.3100000000000005	-0.06370911941617757
4.32	-0.03979011817929254
4.33	-0.007808361676477464
4.34	0.03241167124032529
4.3500000000000005	0.07997841714248892
4.36	0.13291586838428598
4.37	0.1882437588910366
4.38	0.2421519477118327
4.390000000000001	0.29025664736840057
4.4	0.32791804071903174
4.41	0.3505924961180445
4.42	0.354188743380879
4.43	0.3353964906214677
4.44	0.29195821723555865
4.45	0.22286010474715318
4.46	0.1284257637263243
4.47	0.01030579026683065
4.4799999999999995	-0.1286337596972983
4.489999999999999	-0.28451125132261673
4.5	-0.4526968206683305
4.51	-0.6281205262709587
4.52	-0.8055918538794073
4.529999999999999	-0.9801016017741795
4.54	-1.147080765776637
4.55	-1.3025972241310115
4.56	-1.443478951794844
4.569999999999999	-1.5673611306630673
4.58	-1.6726627720927594
4.59	-1.7585053356860347
4.6	-1.8245905566082845
4.609999999999999	-1.8710568645377106
4.62	-1.8983333578122954
4.63	-1.9070076238420721
4.64	-1.8977194052584965
4.6499999999999995	-1.871087011810096
4.66	-1.8276683161171527
4.67	-1.7679538848474317
4.68	-1.6923868000170805
4.6899999999999995	-1.601402238866142
4.7	-1.4954798191720906
4.71	-1.3752027308498767
4.72	-1.2413192425815627
4.7299999999999995	-1.094803719092646
4.74	-0.936915307209922
4.75	-0.7692526221818015
4.76	-0.5938020128788188
4.77	-0.4129754951596253
4.78	-0.22963263867122582
4.79	-0.047079145189134974
4.8	0.1309658278372411
4.8100000000000005	0.30044085457173697
4.82	0.4570568298638152
4.83	0.5964558094015351
4.84	0.7144095659946286
4.8500000000000005	0.8070472490262595
4.86	0.8710956464013535
4.87	0.904110841377517
4.88	0.9046774675976814
4.890000000000001	0.8725520122297321
4.9	0.8087300533004518
4.91	0.7154238364133148
4.92	0.595945601994581
4.930000000000001	0.454502531328314
4.94	0.29591973885980705
4.95	0.12531692467600944
4.96	-0.05222926406493905
4.970000000000001	-0.23200249173841508
4.98	-0.40991069131771074
4.99	-0.5826698626642813
5.	-0.7478905406130094
5.010000000000001	-0.9040618189836591
5.0200000000000005	-1.050440612367633
5.03	-1.1868655932931806
5.04	-1.3135243042723164
5.050000000000001	-1.4307070373935256
5.0600000000000005	-1.538581501333594
5.07	-1.6370180467412245
5.08	-1.7254869744109116
5.09	-1.8030384670512003
5.1	-1.8683636099675058
5.109999999999999	-1.9199235728404989
5.12	-1.9561249448886524
5.13	-1.9755136914360198
5.14	-1.9769589053638326
5.1499999999999995	-1.9598004807592546
5.16	-1.923941418251418
5.17	-1.8698745386732158
5.18	-1.7986434601598573
5.1899999999999995	-1.7117472179213036
5.2	-1.6110054629420183
5.21	-1.4984057189666802
5.22	-1.3759551743638236
5.2299999999999995	-1.2455569828265247
5.24	-1.1089256382350776
5.25	-0.9675486999110615
5.26	-0.8226942506327647
5.27	-0.67545628068265
5.28	-0.5268248350047589
5.29	-0.37776500493117415
5.3	-0.22928898410472554
5.31	-0.0825082279075553
5.32	0.06134240515238054
5.33	0.20091077325037476
5.34	0.33476027271214304
5.35	0.4614211218509
5.359999999999999	0.5794491053847732
5.37	0.6874803385875027
5.38	0.7842724513923928
5.39	0.8687262434347872
5.4	0.9398865247563589
5.41	0.9969255698110767
5.42	1.0391164306381346
5.430000000000001	1.0658055339119223
5.44	1.0763941184042567
5.45	1.0703361548878907
5.46	1.0471568311270003
5.470000000000001	1.0064911990926673
5.48	0.9481380639037759
5.49	0.8721205406932918
5.5	0.7787426452078945
5.510000000000001	0.6686312409118738
5.5200000000000005	0.5427546824569853
5.53	0.40241322783171035
5.54	0.24920107232591238
5.550000000000001	0.08494482042228657
5.5600000000000005	-0.0883725511566874
5.57	-0.2686904615548801
5.58	-0.453939761193522
5.590000000000001	-0.6420910944024509
5.6000000000000005	-0.831175169611336
5.61	-1.0192724718200303
5.62	-1.2044755228504502
5.630000000000001	-1.3848320468893716
5.640000000000001	-1.5582814357371362
5.65	-1.7225990224048882
5.66	-1.8753624629917385
5.67	-2.013951970322198
5.680000000000001	-2.135591595715008
5.69	-2.2374329002385496
5.7	-2.316676092324037
5.71	-2.3707180031263477
5.72	-2.3973120054907566
5.7299999999999995	-2.3947228071654094
5.74	-2.3618592792390967
5.75	-2.298371048682722
5.76	-2.204699054733621
5.77	-2.082075920044419
5.78	-1.9324779348067183
5.79	-1.7585358016813362
5.8	-1.5634152880100192
5.81	-1.3506810879290132
5.82	-1.1241573517879857
5.83	-0.8877966760952516
5.84	-0.645566333923894
5.85	-0.40135681639985415
5.86	-0.1589140535840755
5.87	0.07820639486190456
5.88	0.30666692194528916
5.89	0.5233618020806058
5.9	0.7254217828561756
5.91	0.910212650465579
5.92	1.0753297951628196
5.93	1.2185897256824831
5.94	1.3380189945007679
5.95	1.4318412895198485
5.96	1.4984644724018508
5.97	1.5364708159271652
5.98	1.544615154706693
5.99	1.5218365837724488
6.	1.467289234035269
6.01	1.3803962044373805
6.0200000000000005	1.2609278775117319
6.03	1.1091018304551534
6.04	0.9256969108142769
6.050000000000001	0.712169527659903
6.0600000000000005	0.47075666971472
6.07	0.20454840694327847
6.08	-0.08248673536681672
6.090000000000001	-0.3855368526013887
6.1000000000000005	-0.6990497160691284
6.11	-1.016903627399792
6.12	-1.3326372386919503
6.130000000000001	-1.6397211362028585
6.140000000000001	-1.9318472052966913
6.15	-2.2032077740250227
6.16	-2.4487361062279973
6.170000000000001	-2.664283316635688
6.180000000000001	-2.8467139527980896
6.19	-2.993912483555335
6.2	-3.104704411179321
6.210000000000001	-3.178707039641405
6.220000000000001	-3.2161343841429892
6.23	-3.217586811846107
6.24	-3.1838577394910366
6.250000000000001	-3.1157867058681075
6.260000000000001	-3.0141807408348456
6.2700000000000005	-2.879815216571149
6.28	-2.7135128824336405
6.290000000000001	-2.516287441060724
6.300000000000001	-2.289527707729854
6.3100000000000005	-2.0351916895764184
6.32	-1.7559778463590912
6.33	-1.4554436421794255
6.34	-1.1380487855763852
6.35	-0.8091111079963622
6.36	-0.47467517394659187
6.37	-0.14130555443041476
6.38	0.18417357872121945
6.39	0.49496469266292437
6.4	0.7845792938505172
6.41	1.0470894369099024
6.42	1.2773277268274925
6.43	1.4710242109229303
6.44	1.6248785209253638
6.45	1.7365748189020902
6.46	1.804753997443096
6.47	1.8289611132898704
6.48	1.8095857569765812
6.49	1.747809242597191
6.5	1.6455660513875305
6.51	1.5055192684230048
6.5200000000000005	1.3310424262929967
6.53	1.1261947558390764
6.54	0.8956745284378762
6.55	0.6447365607948764
6.5600000000000005	0.37906493760022053
6.57	0.10459977744793655
6.58	-0.17267396823943834
6.59	-0.44695886696896336
6.6	-0.7128749667606402
6.61	-0.9656606752235886
6.62	-1.2013191789258206
6.63	-1.4166909329780084
6.640000000000001	-1.6094425474689387
6.65	-1.7779746402436105
6.66	-1.9212639522144963
6.670000000000001	-2.03866607357038
6.680000000000001	-2.1297125215079635
6.69	-2.1939381817810406
6.7	-2.2307716137333555
6.710000000000001	-2.2395116982577306
6.720000000000001	-2.2194007842593457
6.73	-2.169788822342761
6.74	-2.09036738018278
6.750000000000001	-1.9814393990841117
6.760000000000001	-1.8441822307787872
6.7700000000000005	-1.6808593565762397
6.78	-1.494940772609327
6.790000000000001	-1.2911028261624993
6.800000000000001	-1.07509384057306
6.8100000000000005	-0.8534699509906947
6.82	-0.6332235587172891
6.830000000000001	-0.4213420567448873
6.840000000000001	-0.22434473721777204
6.8500000000000005	-0.04784955390089066
6.86	0.10378186517532306
6.870000000000001	0.22768238054529166
6.880000000000001	0.32257701289913826
6.890000000000001	0.38873426579531994
6.9	0.42778337666673244
6.91	0.442425662550589
6.920000000000001	0.43607959250426864
6.930000000000001	0.4125047974389957
6.94	0.37544937789156446
6.95	0.32835802796319846
6.96	0.2741669789165895
6.97	0.21519754747067685
6.98	0.15314543834207367
6.99	0.08915012913738433
7.	0.023919479818898748
7.01	-0.042119705904681615
7.0200000000000005	-0.10867378889783999
7.03	-0.17546053234272588
7.04	-0.24212852640130456
7.05	-0.30822294976430037
7.0600000000000005	-0.37319328260046974
7.07	-0.43643110683007835
7.08	-0.49732191122311575
7.09	-0.5552943891538646
7.1000000000000005	-0.6098538639229497
7.11	-0.660592317503203
7.12	-0.7071746688067252
7.13	-0.7493078724444509
7.140000000000001	-0.7867046066958057
7.15	-0.8190556802505321
7.16	-0.8460242787677288
7.17	-0.867270935293736
7.180000000000001	-0.8825114286855984
7.19	-0.8916019753070239
7.2	-0.8946386270671276
7.21	-0.8920522467023767
7.220000000000001	-0.8846780189921541
7.23	-0.8737798618186299
7.24	-0.861015341504371
7.25	-0.8483350995061038
7.26	-0.8378210964954406
7.27	-0.8314785190232006
7.279999999999999	-0.8310051998742176
7.29	-0.8375682833419704
7.3	-0.8516194832996717
7.31	-0.8727771557063717
7.319999999999999	-0.8997958147232533
7.33	-0.9306326699020604
7.34	-0.9626078409394492
7.35	-0.9926420430215324
7.359999999999999	-1.0175446872802802
7.37	-1.0343181798604006
7.38	-1.0404418442318146
7.39	-1.0341017077238188
7.3999999999999995	-1.0143399531214294
7.41	-0.9811089724339059
7.42	-0.9352279607127709
7.43	-0.8782528764446722
7.4399999999999995	-0.8122814521929407
7.45	-0.7397222115423591
7.46	-0.6630591920971765
7.47	-0.5846420915190523
7.4799999999999995	-0.5065254012374704
7.49	-0.4303709633491842
7.5	-0.3574178866565752
7.51	-0.28851362271797887
7.52	-0.2241917999441907
7.529999999999999	-0.16477728898602492
7.54	-0.11049747930005117
7.55	-0.061580786282361494
7.56	-0.018328287669835935
7.57	0.018849021268120825
7.58	0.04942789719342494
7.59	0.0727999320709743
7.6000000000000005	0.08831840949497449
7.61	0.0953536509817442
7.62	0.09334645420692855
7.63	0.08185217361837682
7.640000000000001	0.060572156404503974
7.65	0.029373573525010355
7.66	-0.01169785612920328
7.67	-0.062405966443445156
7.680000000000001	-0.12230709638227366
7.69	-0.19072426861869476
7.7	-0.26671284055097955
7.71	-0.3490223903497754
7.720000000000001	-0.43606369574577236
7.73	-0.5258922959501199
7.74	-0.6162204982514972
7.75	-0.7044674190559076
7.760000000000001	-0.7878518723172117
7.7700000000000005	-0.8635262986674782
7.78	-0.9287425564215923
7.79	-0.9810336058043513
7.800000000000001	-1.0183902492367285
7.8100000000000005	-1.0394102322487566
7.82	-1.0433987792484438
7.83	-1.030405037342059
7.84	-1.0011872764452598
7.8500000000000005	-0.9571098177221635
7.86	-0.8999849232494853
7.87	-0.8318815503065858
7.88	-0.7549284121567035
7.89	-0.6711401181970957
7.8999999999999995	-0.5822918886462085
7.91	-0.48986082080276067
7.92	-0.3950410257036559
7.93	-0.29882782111742767
7.9399999999999995	-0.20215451980083265
7.95	-0.10605611968083573
7.96	-0.011828954751660237
7.97	0.07884495845725992
7.9799999999999995	0.1638354013354325
7.99	0.24058066122164068
8.	0.3061887773152445
8.01	0.3576154811172826
8.02	0.39189885878229375
8.03	0.4064215855342286
8.04	0.39916680920603115
8.05	0.368934131557538
8.06	0.31548756368567166
8.07	0.2396169172123176
8.08	0.14310628038572148
8.09	0.02861606429874164
8.1	-0.10050343912007853
8.11	-0.2404407388056431
8.12	-0.3871638837450443
8.129999999999999	-0.5366439988243006
8.14	-0.685037802102699
8.15	-0.8288141803347749
8.16	-0.9648206044073908
8.17	-1.0902957790821162
8.18	-1.2028435960393629
8.19	-1.3003887282218254
8.2	-1.3811352318596812
8.209999999999999	-1.4435462517039876
8.219999999999999	-1.4863560803240912
8.229999999999999	-1.5086167821155314
8.24	-1.5097721394350674
8.25	-1.489743675578983
8.26	-1.4490085605424006
8.27	-1.3886483556724383
8.28	-1.3103510881419986
8.29	-1.2163565259689673
8.299999999999999	-1.1093444671478105
8.309999999999999	-0.9922765576862729
8.32	-0.8682116043291451
8.33	-0.7401206981240022
8.34	-0.6107303640436181
8.35	-0.4824188078242186
8.36	-0.3571824407133318
8.37	-0.23667838612705233
8.379999999999999	-0.12233545529724799
8.389999999999999	-0.015513352118383228
8.4	0.08232012985943016
8.41	0.16942955910017
8.42	0.24370525855256153
8.43	0.3026385932287289
8.44	0.3433965327495603
8.45	0.3629977033216508
8.459999999999999	0.3585756804543681
8.469999999999999	0.3277000968568965
8.479999999999999	0.2687147132734188
8.49	0.18104586796416283
8.5	0.06543578497503469
8.51	-0.07593685233465675
8.52	-0.23947287069070933
8.53	-0.42031121656322357
8.54	-0.6126172437145738
8.55	-0.8099701337969706
8.56	-1.005805436938674
8.57	-1.1938613991908076
8.58	-1.368577679684226
8.59	-1.5254022552380695
8.6	-1.6609756570969603
8.61	-1.7731791388726537
8.62	-1.8610522766548279
8.63	-1.9246029975338041
8.64	-1.9645465250838956
8.65	-1.9820172897293569
8.66	-1.978298513028
8.67	-1.9546080760255424
8.68	-1.9119676222953406
8.69	-1.85116667096161
8.7	-1.7728173634588904
8.71	-1.6774809484730773
8.72	-1.5658364716046713
8.73	-1.4388569111497063
8.74	-1.2979587726485375
8.75	-1.145097493275951
8.76	-0.9827915772610348
8.77	-0.8140711997126526
8.78	-0.6423598007982144
8.79	-0.4713077719111901
8.8	-0.30460400772254015
8.81	-0.14579290571858144
8.82	0.0018787348760853084
8.83	0.13556773546617917
8.84	0.2528862213746366
8.85	0.3519023545969663
8.860000000000001	0.43110289463644125
8.870000000000001	0.48933678840873973
8.88	0.525761312731859
8.89	0.5398101516555988
8.9	0.5311966451179305
8.91	0.499956488486337
8.92	0.44652410512324425
8.93	0.37182767797787897
8.940000000000001	0.277381201419554
8.950000000000001	0.16534923920631184
8.96	0.03856199229368473
8.97	-0.0995353821531545
8.98	-0.2450054725594365
8.99	-0.3936079815297547
9.	-0.5410389178244506
9.01	-0.6831934190354316
9.020000000000001	-0.8164204859397627
9.030000000000001	-0.9377372721235355
9.040000000000001	-1.0449750804823577
9.05	-1.136838263757625
9.06	-1.2128694308623862
9.07	-1.2733278017951157
9.08	-1.3190000854210606
9.09	-1.3509728662388827
9.1	-1.3704006402927065
9.110000000000001	-1.378303525259538
9.120000000000001	-1.37542333137526
9.13	-1.3621570066532014
9.14	-1.3385740368565902
9.15	-1.304511181716692
9.16	-1.2597260440074107
9.170000000000002	-1.2040822240701439
9.180000000000001	-1.1377344933777533
9.190000000000001	-1.0612830759688736
9.200000000000001	-0.975871504260959
9.21	-0.88321162957285
9.22	-0.7855306804985671
9.23	-0.6854469519328633
9.24	-0.5857909683111433
9.250000000000002	-0.4893962933308893
9.260000000000002	-0.39888757956312765
9.270000000000001	-0.316492647190048
9.280000000000001	-0.24390070983115564
9.290000000000001	-0.1821812696138735
9.3	-0.1317690285936747
9.31	-0.09251091918496174
9.32	-0.06376346362285468
9.330000000000002	-0.04452323807265793
9.340000000000002	-0.033570869820811484
9.350000000000001	-0.029609812786267592
9.360000000000001	-0.031384674233429374
9.370000000000001	-0.037769232862336063
9.38	-0.04782038505026903
9.39	-0.06079994472961335
9.4	-0.07617054619230507
9.41	-0.09357424576400308
9.420000000000002	-0.11280261374029399
9.43	-0.13376542303422068
9.44	-0.15646211217046385
9.45	-0.1809568815859514
9.459999999999999	-0.2073554578550731
9.469999999999999	-0.2357799556341366
9.48	-0.2663382944048654
9.49	-0.29908629903588707
9.5	-0.3339835384061899
9.51	-0.37084742032670004
9.52	-0.4093131756508858
9.53	-0.44880925690262696
9.54	-0.4885576797930729
9.549999999999999	-0.5276066420483565
9.56	-0.5648985009379666
9.57	-0.5993704617243587
9.58	-0.6300790633208271
9.59	-0.6563338788831163
9.6	-0.6778219013055196
9.61	-0.6947027577304603
9.62	-0.7076566933568255
9.629999999999999	-0.7178721699717536
9.64	-0.7269673881438716
9.65	-0.7368490454329402
9.66	-0.7495208530487343
9.67	-0.7668623136352172
9.68	-0.7904037083325016
9.69	-0.8211251974194073
9.7	-0.8593059675218365
9.709999999999999	-0.9044436228195012
9.719999999999999	-0.9552552712267977
9.73	-1.0097612354506085
9.74	-1.0654415553585652
9.75	-1.1194460326243396
9.76	-1.1688318989664133
9.77	-1.2108002475197264
9.78	-1.242903560388695
9.790000000000001	-1.2632017594182354
9.8	-1.2703523609312848
9.81	-1.2636302175020346
9.82	-1.242882413152128
9.83	-1.2084325757719152
9.84	-1.1609548734931388
9.85	-1.1013404340607533
9.86	-1.0305776376610172
9.870000000000001	-0.9496630886601624
9.88	-0.8595530283709057
9.89	-0.7611568436629165
9.9	-0.6553666233259108
9.91	-0.5431107543328578
9.92	-0.4254163051148175
9.93	-0.30346484899613435
9.94	-0.17862927091539743
9.950000000000001	-0.05248424786290007
9.96	0.07321064044725722
9.97	0.19655015640972692
9.98	0.3155353996014742
9.99	0.4281267691389073
10.	0.5322867971567224
10.01	0.6260051745887555
10.02	0.7073037401809593
10.03	0.7742255515120438
10.040000000000001	0.8248180442693136
10.05	0.8571243880464074
10.06	0.8691984282298673
10.07	0.8591565273295911
10.08	0.8252742696706512
10.09	0.7661280891845104
10.100000000000001	0.6807726729897164
10.110000000000001	0.56893606926176
10.120000000000001	0.43120744021334984
10.13	0.26918878333953866
10.14	0.08558264821539492
10.15	-0.11580681754094647
10.16	-0.33017272547830817
10.17	-0.5519050663328132
10.180000000000001	-0.7748783832852792
10.190000000000001	-0.9928020583327597
10.200000000000001	-1.1995978891066628
10.21	-1.3897642555311482
10.22	-1.5586863251126204
10.23	-1.7028576236457498
10.24	-1.819989224674534
10.25	-1.90899730604142
10.260000000000002	-1.9698758183654665
10.270000000000001	-2.00347616764053
10.280000000000001	-2.0112278818360405
10.290000000000001	-1.9948414045362164
10.3	-1.9560353665527448
10.31	-1.8963257656169228
10.32	-1.8169042067670187
10.33	-1.7186183075085961
10.34	-1.6020516991508134
10.350000000000001	-1.467686126419302
10.36	-1.3161161769090888
10.37	-1.1482798801447358
10.379999999999999	-0.9656667693224102
10.389999999999999	-0.7704690771867836
10.399999999999999	-0.5656507462400568
10.41	-0.35492135348947884
10.42	-0.14261589839769961
10.43	0.06650544152531415
10.44	0.26751294402601355
10.45	0.45558723432931475
10.459999999999999	0.6262906177176871
10.469999999999999	0.775800114196429
10.479999999999999	0.9010795448708548
10.49	0.999977778273288
10.5	1.0712510027508475
10.51	1.1145169255435508
10.52	1.1301566152420577
10.53	1.1191842636835456
10.54	1.0831060096864438
10.549999999999999	1.02378634613706
10.559999999999999	0.9433353042525918
10.57	0.8440227686025231
10.58	0.7282193068888683
10.59	0.5983571220052439
10.6	0.45690118022310794
10.61	0.3063198003895126
10.62	0.1490460100280612
10.629999999999999	-0.012574754486921552
10.639999999999999	-0.17634948017110552
10.649999999999999	-0.3403082206084027
10.66	-0.5027694190058745
10.67	-0.6623865807782819
10.68	-0.8181635846783222
10.69	-0.96942943325973
10.7	-1.1157691624851744
10.709999999999999	-1.2569149897761942
10.72	-1.3926092969406225
10.73	-1.5224573452034709
10.74	-1.6457914829861553
10.75	-1.7615691854893243
10.76	-1.8683242419382804
10.77	-1.9641840634210022
10.78	-2.0469572675020298
10.79	-2.1142856851888485
10.8	-2.1638452423298147
10.81	-2.193572291676633
10.82	-2.201887164234345
10.83	-2.1878857711595363
10.84	-2.1514732475291694
10.85	-2.0934205037676175
10.86	-2.015334205469764
10.87	-1.9195417956109757
10.88	-1.8089041561387584
10.89	-1.6865778531516393
10.9	-1.5557553401515918
10.91	-1.419414151461488
10.92	-1.2801046873338877
10.93	-1.139800931874642
10.94	-0.9998301366764042
10.95	-0.860887328069458
10.959999999999999	-0.723129855724767
10.97	-0.5863375120181097
10.98	-0.45011624706816117
10.99	-0.3141190642232332
11.	-0.1782567255227711
11.01	-0.04287335064663422
11.02	0.09113267674932168
11.030000000000001	0.22225475948418982
11.040000000000001	0.34839512967926445
11.05	0.4669488968532625
11.06	0.5749442735331945
11.07	0.6692232023954634
11.08	0.7466439218621592
11.09	0.804286594704117
11.1	0.8396446908325725
11.110000000000001	0.850787847814699
11.120000000000001	0.8364858164920139
11.13	0.7962872365442327
11.14	0.7305508922485077
11.15	0.6404304567732207
11.16	0.5278164129182044
11.17	0.39524086410062187
11.18	0.2457524443225214
11.190000000000001	0.08276964930713515
11.200000000000001	-0.09007824652856972
11.21	-0.2691129238498729
11.22	-0.45076135388802235
11.23	-0.6316928605201224
11.24	-0.8089298443199122
11.25	-0.979924697441995
11.26	-1.1425978699293595
11.27	-1.2953352370489073
11.280000000000001	-1.4369466284902916
11.290000000000001	-1.5665912393224382
11.3	-1.6836791820781478
11.31	-1.7877611691492286
11.32	-1.8784198036778816
11.33	-1.9551759115871976
11.340000000000002	-2.017421671384467
11.350000000000001	-2.064389124830153
11.360000000000001	-2.095158337066686
11.370000000000001	-2.1087045574649683
11.38	-2.103978858273619
11.39	-2.080012556829417
11.4	-2.036032831595391
11.41	-1.9715757187718959
11.420000000000002	-1.8865832790161419
11.430000000000001	-1.7814740375712774
11.440000000000001	-1.6571794558659407
11.450000000000001	-1.5151436209723241
11.46	-1.3572878672238446
11.47	-1.1859460014893977
11.48	-1.0037786341729733
11.49	-0.8136764722271832
11.500000000000002	-0.6186622204468388
11.510000000000002	-0.42179914583038813
11.520000000000001	-0.2261117996655355
11.530000000000001	-0.03452142294889249
11.540000000000001	0.15020422077730788
11.55	0.3254889181550779
11.56	0.4889773519163384
11.57	0.6385589834171149
11.58	0.7723886508458846
11.590000000000002	0.8889043715281923
11.6	0.9868410453501402
11.61	1.0652373891716622
11.62	1.1234329171105584
11.629999999999999	1.161052352320284
11.639999999999999	1.1779764939567925
11.65	1.1743009927372525
11.66	1.1502872253869216
11.67	1.1063119027899821
11.68	1.0428236045215868
11.69	0.9603146383705645
11.7	0.8593152439325332
11.709999999999999	0.7404142539484221
11.719999999999999	0.604306256012451
11.73	0.45186067252607
11.74	0.2842037645627119
11.75	0.102801156631257
11.76	-0.09047324915457045
11.77	-0.29329571178372793
11.78	-0.502889568553536
11.79	-0.7160671668568185
11.799999999999999	-0.9293173800942502
11.81	-1.1389327903445796
11.82	-1.3411646037912033
11.83	-1.5323887891475452
11.84	-1.7092645875134997
11.85	-1.8688669137865763
11.86	-2.0087773294180757
11.87	-2.12712385241763
11.879999999999999	-2.222567123249827
11.889999999999999	-2.294238309584316
11.9	-2.341641413429933
11.91	-2.364538189407334
11.92	-2.36283676929422
11.93	-2.3365047749801513
11.94	-2.285524130703119
11.95	-2.209898403124361
11.96	-2.109715201499644
11.97	-1.9852571767786262
11.98	-1.8371468203849686
11.99	-1.6665038596758892
12.	-1.4750905829560534
12.01	-1.2654204758497434
12.02	-1.040809163840617
12.03	-0.8053533534704806
12.040000000000001	-0.5638323122327388
12.05	-0.32153617941756235
12.06	-0.0840346920591859
12.07	0.14309253820650664
12.08	0.35453825841714126
12.09	0.545534920856924
12.1	0.7120817454180406
12.11	0.851111185432273
12.120000000000001	0.9605818737455877
12.13	1.0394937555881945
12.14	1.0878298046274713
12.15	1.1064363426698534
12.16	1.0968596259038546
12.17	1.0611594316158388
12.18	1.0017206782842218
12.19	0.9210818305838024
12.2	0.8217945098283886
12.21	0.7063231200107122
12.22	0.5769872910818648
12.23	0.4359443892636434
12.24	0.2852049523458686
12.25	0.12667113369680072
12.26	-0.03781275598376266
12.270000000000001	-0.2064078685991998
12.280000000000001	-0.3772349413920624
12.290000000000001	-0.5483406165217395
12.3	-0.7176788625246449
12.31	-0.8831079955587906
12.32	-1.0424021402176273
12.33	-1.193275212684073
12.34	-1.3334155768843154
12.350000000000001	-1.4605301462396354
12.360000000000001	-1.5723974868903465
12.370000000000001	-1.6669300049726352
12.38	-1.7422452281599838
12.39	-1.7967453368171054
12.4	-1.8292024880209676
12.41	-1.838845345408409
12.42	-1.825439991508222
12.430000000000001	-1.7893565637650406
12.440000000000001	-1.731612021617648
12.450000000000001	-1.6538798111101802
12.46	-1.5584590418386997
12.47	-1.4481990781127765
12.48	-1.3263798671608469
12.49	-1.196553360125855
12.5	-1.0623563634374644
12.51	-0.9273093852837015
12.520000000000001	-0.7946188783617321
12.530000000000001	-0.6670012553379592
12.540000000000001	-0.5465459346618131
12.55	-0.43463150269152295
12.56	-0.33190416462196787
12.57	-0.23832154070408632
12.580000000000002	-0.15325824061482923
12.590000000000002	-0.0756632768103393
12.600000000000001	-0.004253983687293517
12.610000000000001	0.062272702539048624
12.620000000000001	0.12503256702668936
12.63	0.18477065699573814
12.64	0.24172021031066604
12.65	0.29551790578591747
12.660000000000002	0.34518382436546413
12.670000000000002	0.3891682583938046
12.680000000000001	0.42546118919380493
12.690000000000001	0.4517544809002978
12.700000000000001	0.4656421260090321
12.71	0.4648406018705665
12.72	0.44740977384273484
12.73	0.4119548667834464
12.740000000000002	0.35779173698412603
12.750000000000002	0.28506081323736554
12.760000000000002	0.1947793583717116
12.770000000000001	0.08882679688271788
12.780000000000001	-0.03013660854412642
12.790000000000001	-0.15881186003265185
12.8	-0.2934530012947524
12.81	-0.4300929953585038
12.82	-0.5647848324618768
12.830000000000002	-0.6938372314839175
12.84	-0.8140243469099975
12.85	-0.9227509081764396
12.86	-1.0181581710074115
12.87	-1.0991617058945637
12.879999999999999	-1.1654189133491824
12.89	-1.217231559444517
12.9	-1.2553957443440436
12.91	-1.281017678202396
12.92	-1.2953176401490603
12.93	-1.2994459274952297
12.94	-1.2943331546680874
12.95	-1.2805929959167566
12.959999999999999	-1.258488832066486
12.97	-1.2279675556393452
12.98	-1.1887550552133828
12.99	-1.1404997907387597
13.	-1.082944481718303
13.01	-1.0161021372264578
13.02	-0.9404119886754212
13.03	-0.8568534394916342
13.04	-0.7670015669483264
13.05	-0.6730152456181967
13.06	-0.577557562230044
13.07	-0.48365667144041175
13.08	-0.39452244823566296
13.09	-0.31333927415381735
13.1	-0.2430574388474444
13.11	-0.18620475748977264
13.12	-0.14473635482511432
13.129999999999999	-0.11993480247983146
13.14	-0.11236586093958084
13.15	-0.12188805153224336
13.16	-0.14770821079986335
13.17	-0.18847090185029264
13.18	-0.2423675834174015
13.19	-0.307251867910445
13.200000000000001	-0.380749721505635
13.21	-0.46035741137552455
13.22	-0.543524505332752
13.23	-0.6277233398330611
13.24	-0.7105092757272212
13.25	-0.7895772131418034
13.26	-0.862819069526857
13.27	-0.9283844789589271
13.280000000000001	-0.9847434497852032
13.290000000000001	-1.0307459714054354
13.3	-1.0656705186166409
13.31	-1.08925188593609
13.32	-1.1016793398407434
13.33	-1.1035588497780404
13.34	-1.0958378466726768
13.35	-1.0796968446893964
13.360000000000001	-1.056418333828441
13.370000000000001	-1.0272484697510111
13.38	-0.993270196974769
13.39	-0.9553067663733958
13.4	-0.9138718083267403
13.41	-0.8691763810925278
13.42	-0.821195431543873
13.43	-0.7697870116151705
13.44	-0.7148487782975914
13.450000000000001	-0.6564892008737352
13.46	-0.5951867506552765
13.47	-0.5319100017715117
13.48	-0.46817532100914006
13.49	-0.4060263423536208
13.5	-0.34792978209878894
13.510000000000002	-0.2965939487771816
13.520000000000001	-0.2547278529194256
13.530000000000001	-0.22476840496113534
13.540000000000001	-0.20860931249173414
13.55	-0.20736691874890517
13.56	-0.22121496343978692
13.57	-0.24931240698322493
13.58	-0.28983703680568085
13.590000000000002	-0.34012411722146796
13.600000000000001	-0.3968957305649974
13.610000000000001	-0.45655461770602995
13.620000000000001	-0.5155079548130054
13.63	-0.5704827987311729
13.64	-0.6187964138780232
13.65	-0.6585511165235708
13.66	-0.6887336716982919
13.670000000000002	-0.7092121147868556
13.680000000000001	-0.7206362717522505
13.690000000000001	-0.7242603030817827
13.700000000000001	-0.7217146308275542
13.71	-0.7147594579994898
13.72	-0.7050522510215096
13.73	-0.6939572442323262
13.74	-0.6824171151870291
13.75	-0.6708968423399579
13.760000000000002	-0.6593990253950579
13.77	-0.6475402495777371
13.78	-0.6346707733709385
13.79	-0.6200158174772448
13.799999999999999	-0.6028163544501102
13.809999999999999	-0.582450271029131
13.82	-0.5585203110916734
13.83	-0.5309021646547546
13.84	-0.49975316290659155
13.85	-0.4654880670233549
13.86	-0.4287324755267852
13.87	-0.3902659189527062
13.879999999999999	-0.35096574462469143
13.889999999999999	-0.3117598634938095
13.9	-0.27359213962448725
13.91	-0.23739965140556746
13.92	-0.2040972448121866
13.93	-0.17456254844000912
13.94	-0.1496144027660976
13.95	-0.12997951861953128
13.959999999999999	-0.11624573149179734
13.969999999999999	-0.10880470494293437
13.98	-0.10779138348382195
13.99	-0.11303089529413429
14.	-0.12400511461304131
14.01	-0.1398502046561521
14.02	-0.15939311416594729
14.03	-0.1812296123824193
14.04	-0.20383985645426655
14.049999999999999	-0.225730810782502
14.059999999999999	-0.24558928228522478
14.07	-0.26242596774268684
14.08	-0.2756904635567571
14.09	-0.28533991987681323
14.1	-0.2918496453214211
14.11	-0.2961616950099051
14.12	-0.2995761326151154
14.13	-0.3035978902032528
14.14	-0.30975864462226466
14.15	-0.3194368391612658
14.16	-0.33369930053036145
14.17	-0.35318477432272
14.18	-0.3780436188501076
14.19	-0.4079398149352057
14.2	-0.4421126280411165
14.21	-0.4794870518539206
14.22	-0.5188157939471907
14.23	-0.5588319375279469
14.24	-0.5983909746145426
14.25	-0.6365835885056847
14.26	-0.6728058170402991
14.27	-0.7067801271800469
14.28	-0.7385283389537916
14.290000000000001	-0.7683040970388784
14.3	-0.7964977138906832
14.31	-0.8235290319082529
14.32	-0.849744217743435
14.33	-0.8753302841177324
14.34	-0.9002571839038022
14.35	-0.9242523479781315
14.36	-0.9468074565818423
14.37	-0.9672128946754914
14.38	-0.9846123848514474
14.39	-0.9980690421725387
14.4	-1.006634524735025
14.41	-1.0094147071444945
14.42	-1.0056277927643553
14.43	-0.9946533172000428
14.440000000000001	-0.9760724460694027
14.450000000000001	-0.9497008921926452
14.46	-0.9156155157072978
14.47	-0.8741743906375682
14.48	-0.8260282721276971
14.49	-0.7721196116142474
14.5	-0.7136642122471056
14.51	-0.6521108418290028
14.520000000000001	-0.5890759113191248
14.530000000000001	-0.5262536165452907
14.540000000000001	-0.46530628968370963
14.55	-0.40774436240382406
14.56	-0.3548093677895288
14.57	-0.3073758605148139
14.58	-0.2658882573743312
14.59	-0.2303459912289191
14.600000000000001	-0.20034509593774819
14.610000000000001	-0.17517696093478297
14.620000000000001	-0.15397651221947617
14.63	-0.13590378505366907
14.64	-0.12033613300033319
14.65	-0.10704440268122706
14.66	-0.09632616262019467
14.67	-0.0890728427185623
14.68	-0.08675513327869488
14.690000000000001	-0.09132131748369865
14.700000000000001	-0.10501498424733269
14.71	-0.13013010975452316
14.72	-0.1687310838483187
14.73	-0.22237139537786005
14.74	-0.2918463489046988
14.750000000000002	-0.37701197504333817
14.760000000000002	-0.47669454932961985
14.770000000000001	-0.5887038688985518
14.780000000000001	-0.7099502187931158
14.790000000000001	-0.8366516744374451
14.8	-0.9646069507783992
14.81	-1.0895010765121085
14.82	-1.2072078766282897
14.830000000000002	-1.314055018842235
14.840000000000002	-1.4070238767175334
14.850000000000001	-1.4838666208652667
14.860000000000001	-1.543135154526154
14.870000000000001	-1.5841288547309373
14.88	-1.60677867628588
14.89	-1.6114924581577654
14.9	-1.5989892514916986
14.910000000000002	-1.5701489069771382
14.920000000000002	-1.5258975185646466
14.930000000000001	-1.4671407832496215
14.940000000000001	-1.3947475136062584
14.950000000000001	-1.3095762022217168
14.96	-1.2125303042900024
14.97	-1.1046239615209021
14.98	-0.9870397864676423
14.99	-0.8611638886479215
15.000000000000002	-0.7285897016605671