0.	-4.
0.01	-3.9853838428766415
0.02	-3.941346703055115
0.03	-3.8673610174541038
0.04	-3.7626714695936747
0.05	-3.626466710641155
0.06	-3.4580928740547234
0.07	-3.2572853918204987
0.08	-3.024393363463803
0.09	-2.7605711511879365
0.1	-2.467914925263419
0.11	-2.14952723962245
0.12	-1.8094998179374024
0.13	-1.4528128383508252
0.14	-1.0851572855792848
0.15	-0.7126945469623227
0.16	-0.3417735955663681
0.17	0.021369785237884922
0.18	0.3709056237269526
0.19	0.7016690578094955
0.2	1.0093645599447623
0.21	1.2906988729451683
0.22	1.5434335082800477
0.23	1.7663555354355647
0.24	1.9591732778422655
0.25	2.1223506354627064
0.26	2.2568993699779942
0.27	2.364152265215753
0.28	2.445541272544462
0.29	2.5024034707976184
0.3	2.5358340668822046
0.31	2.5466001259580424
0.32	2.5351218340302526
0.33	2.501520582377035
0.34	2.4457258068063306
0.35	2.367626082497472
0.36	2.2672451382141476
0.37	2.144920717198939
0.38	2.001463862228329
0.39	1.8382782752498814
0.4	1.6574236787656877
0.41000000000000003	1.4616131343250867
0.42000000000000004	1.254141414090095
0.43	1.0387490156304882
0.44	0.8194334596394954
0.45	0.6002253625625878
0.46	0.3849508050018693
0.47	0.17700328977050575
0.48	-0.020852091433112452
0.49	-0.20662271770604868
0.5	-0.37916627091382094
0.51	-0.5381945139926507
0.52	-0.6842026359155673
0.53	-0.8183312658708208
0.54	-0.9421749958466794
0.55	-1.0575565444571795
0.56	-1.1662890053204342
0.5700000000000001	-1.2699496231332805
0.5800000000000001	-1.3696871468219776
0.5900000000000001	-1.4660811887009508
0.6000000000000001	-1.55906656705268
0.61	-1.6479289064518001
0.62	-1.731370515781287
0.63	-1.8076385049765904
0.64	-1.8747009537927684
0.65	-1.930452321366975
0.66	-1.9729266319508585
0.67	-2.0004965311269
0.68	-2.0120380917447975
0.6900000000000001	-2.0070450481161695
0.7	-1.985681538549954
0.71	-1.9487688716036198
0.72	-1.8977086345892473
0.73	-1.8343509384469883
0.74	-1.760822085995378
0.75	-1.6793299114393787
0.76	-1.5919670787235434
0.77	-1.5005325542828851
0.78	-1.40638931245276
0.79	-1.3103723295474548
0.8	-1.2127555047004552
0.81	-1.1132798861619713
0.8200000000000001	-1.0112391407540104
0.8300000000000001	-0.9056122587239559
0.8400000000000001	-0.7952286599044487
0.85	-0.6789476641180818
0.86	-0.5558330402417652
0.87	-0.4253041763077844
0.88	-0.2872482166687237
0.89	-0.14208197807109957
0.9	0.009241908480432048
0.91	0.16528399818624173
0.92	0.32421548666996225
0.9299999999999999	0.48395216414812225
0.94	0.6423090172605516
0.95	0.7971575187493237
0.96	0.9465675552589654
0.97	1.0889178756939406
0.98	1.2229626791937305
0.99	1.3478470878181459
1.	1.4630701983012662
1.01	1.5684005250534268
1.02	1.663754261568485
1.03	1.7490512842824937
1.04	1.8240667085781768
1.05	1.8882967619028888
1.06	1.9408566513055576
1.07	1.9804250762321869
1.08	2.0052453800892143
1.0899999999999999	2.0131875236745405
1.1	2.001868696747895
1.1099999999999999	1.9688241140091205
1.1199999999999999	1.911714011416563
1.13	1.828548635710379
1.14	1.7179105402566364
1.15	1.5791530259129942
1.16	1.4125551596641044
1.17	1.2194173253362444
1.18	1.0020863793615957
1.19	0.7639057131919998
1.2	0.509092266331423
1.21	0.2425491426525836
1.22	-0.030371678147970704
1.23	-0.3041375349606612
1.24	-0.5733124458365153
1.25	-0.832821184246819
1.26	-1.0781790059272551
1.27	-1.3056693043744712
1.28	-1.5124564439348303
1.29	-1.6966271281920147
1.3	-1.8571603068412557
1.31	-1.9938321539528259
1.32	-2.107068426520014
1.33	-2.197760975904292
1.34	-2.2670679141548313
1.35	-2.3162176897235387
1.36	-2.3463360643561733
1.37	-2.358311873285753
1.3800000000000001	-2.352712850305178
1.3900000000000001	-2.3297572122836123
1.4	-2.2893407220766333
1.4100000000000001	-2.2311132111952325
1.42	-2.1545936323333565
1.43	-2.059309114749244
1.44	-1.944941549721394
1.45	-1.8114650924048654
1.46	-1.6592595880642254
1.47	-1.4891880859551128
1.48	-1.3026309070096143
1.49	-1.1014736844108546
1.5	-0.8880518465860142
1.51	-0.6650586133285185
1.52	-0.43542724493784457
1.53	-0.20220065234242743
1.54	0.03159767637142191
1.55	0.26307820169659135
1.56	0.48957425665303933
1.57	0.7086976745524622
1.58	0.9183575771317228
1.59	1.1167432538916588
1.6	1.302276366395073
1.61	1.4735413728914248
1.62	1.6292056916965052
1.6300000000000001	1.7679424214710928
1.6400000000000001	1.8883682686389325
1.6500000000000001	1.989007706782716
1.6600000000000001	2.0682914730899515
1.6700000000000002	2.1245935925264683
1.6800000000000002	2.156306617893123
1.6900000000000002	2.161950156032118
1.7000000000000002	2.14030350880216
1.7100000000000002	2.0905498526463
1.7200000000000002	2.0124171947119076
1.73	1.906300639643047
1.7400000000000002	1.7733513942442176
1.75	1.6155203792103066
1.76	1.435548098862342
1.77	1.2368971894577854
1.78	1.0236293633523639
1.79	0.8002337662468376
1.8	0.5714185345880662
1.81	0.34188109247825665
1.82	0.11607507218036422
1.83	-0.102007571298667
1.84	-0.3090217372499393
1.85	-0.5024068404075497
1.86	-0.6804662470030537
1.87	-0.8423828674717009
1.8800000000000001	-0.9881708742846295
1.8900000000000001	-1.1185690534901072
1.9000000000000001	-1.2348862605785484
1.9100000000000001	-1.3388133693090296
1.92	-1.4322186223394875
1.93	-1.5169442068558845
1.94	-1.5946211420743426
1.95	-1.6665172966661914
1.96	-1.7334298168446411
1.97	-1.7956288182993698
1.98	-1.8528543278148175
1.99	-1.9043636283423775
2.	-1.949021816397085
2.01	-1.985424908397312
2.02	-2.0120425175977124
2.03	-2.027366126601356
2.04	-2.030049329904866
2.05	-2.0190280149212194
2.06	-1.993611073275205
2.07	-1.9535355839894013
2.08	-1.8989841286532096
2.09	-1.8305656094579197
2.1	-1.7492642857931373
2.11	-1.6563644171558995
2.12	-1.5533596716300968
2.13	-1.4418572006258161
2.14	-1.3234859701530197
2.15	-1.199817661668979
2.16	-1.0723063920564164
2.17	-0.9422509082033542
2.1799999999999997	-0.8107800899167742
2.19	-0.6788598633508643
2.2	-0.5473172846237662
2.21	-0.4168758478628914
2.2199999999999998	-0.28819517430349445
2.23	-0.16190822466986415
2.24	-0.03865001840334087
2.25	0.08092658596250922
2.2600000000000002	0.19615040464479994
2.27	0.30634675028110375
2.2800000000000002	0.41086527640803283
2.29	0.5091165900168855
2.3000000000000003	0.6006119795753657
2.31	0.6849999510755785
2.3200000000000003	0.7620934323303507
2.33	0.8318824747734006
2.3400000000000003	0.8945289342688469
2.35	0.9503417480318876
2.3600000000000003	0.9997337871879859
2.37	1.0431635721356045
2.3800000000000003	1.081067117995844
2.39	1.113786598322545
2.4000000000000004	1.1415032126092872
2.41	1.1641815376473486
2.4200000000000004	1.181531747061908
2.43	1.192994497822624
2.4400000000000004	1.197751181364082
2.45	1.194759846146365
2.4600000000000004	1.1828146690964418
2.47	1.1606246333836603
2.4800000000000004	1.1269052780420543
2.49	1.0804761887967294
2.5	1.020356401043322
2.5100000000000002	0.9458501143752991
2.5200000000000005	0.8566160303899409
2.5300000000000002	0.7527151146057295
2.54	0.6346334915578657
2.5500000000000003	0.503279318907245
2.56	0.35995464768818425
2.57	0.20630526377656372
2.58	0.0442531465498755
2.59	-0.12408266014986352
2.6	-0.29647037703784973
2.61	-0.4706486334208715
2.62	-0.6444026112242458
2.63	-0.8156284302432273
2.64	-0.9823824336591993
2.65	-1.1429136566372102
2.66	-1.2956794201245925
2.67	-1.439345519046695
2.68	-1.5727737213171986
2.69	-1.6950001494347555
2.7	-1.805208515325345
2.71	-1.9027021109114717
2.72	-1.9868779654375652
2.73	-2.057205757925791
2.74	-2.1132130475202886
2.75	-2.1544773035349127
2.7600000000000002	-2.1806242283919928
2.77	-2.1913310984470513
2.7800000000000002	-2.186333391569927
2.79	-2.165432869360766
2.8	-2.1285055251945977
2.81	-2.0755083343993808
2.8200000000000003	-2.0064844452118544
2.83	-1.9215671977668467
2.84	-1.8209840154792905
2.85	-1.7050616547811932
2.86	-1.5742344337558418
2.87	-1.4290568427209287
2.88	-1.2702213789972303
2.8899999999999997	-1.0985816060408153
2.9	-0.9151794211341876
2.9099999999999997	-0.7212744639427506
2.92	-0.5183726603245156
2.9299999999999997	-0.30825021314678097
2.94	-0.09296903813387146
2.9499999999999997	0.12512023137329484
2.96	0.34339096307763667
2.9699999999999998	0.558971254895499
2.98	0.7687936218504898
2.9899999999999998	0.9696630400043393
3.	1.1583411421899248
3.01	1.331642857929922
3.02	1.4865405384888501
3.03	1.6202697307593175
3.04	1.7304303463570232
3.05	1.8150770557426599
3.06	1.8727933149438927
3.07	1.9027444530815072
3.08	1.9047066224420344
3.09	1.8790700203092807
3.1	1.8268164967782403
3.11	1.7494733239663338
3.12	1.6490463854363289
3.13	1.5279372349859812
3.1399999999999997	1.388849284195669
3.15	1.2346887565294833
3.16	1.0684659800387004
3.17	0.8932021086388431
3.1799999999999997	0.7118455286057851
3.19	0.5272011182400729
3.2	0.34187430156737925
3.21	0.15823059736822873
3.22	-0.021629766036287523
3.23	-0.1958835190120028
3.24	-0.36298428529859034
3.25	-0.5216530826081863
3.2600000000000002	-0.6708616944178227
3.27	-0.8098109634553575
3.2800000000000002	-0.9379056254321992
3.29	-1.0547267975867607
3.3000000000000003	-1.1600027716574008
3.31	-1.2535784349066823
3.3200000000000003	-1.3353835283871458
3.33	-1.405400081546464
3.3400000000000003	-1.4636297224979082
3.35	-1.510062093068995
3.3600000000000003	-1.5446461969793148
3.37	-1.5672670527038959
3.3800000000000003	-1.5777303776472507
3.39	-1.5757580793816914
3.4000000000000004	-1.5609969893799538
3.41	-1.5330425117508877
3.4200000000000004	-1.4914777007246924
3.43	-1.4359268140733614
3.4400000000000004	-1.3661207573009366
3.45	-1.2819702159863158
3.46	-1.183640869136704
3.47	-1.0716240755043414
3.4800000000000004	-0.9467959861602055
3.49	-0.8104582652366051
3.5	-0.6643545325429844
3.5100000000000002	-0.5106582360132661
3.52	-0.3519298027959829
3.53	-0.19104342451096873
3.54	-0.031086476913701644
3.55	0.1247628948650463
3.56	0.27337232704111847
3.57	0.4117966438379186
3.58	0.5374140156674807
3.59	0.6480468000842193
3.6	0.7420579158118035
3.61	0.8184153428609637
3.62	0.8767197698627339
3.63	0.9171933181379878
3.64	0.9406304067784363
3.65	0.9483149040031031
3.66	0.9419104563590104
3.67	0.9233330432762294
3.68	0.8946161640896848
3.69	0.8577794923428845
3.7	0.814711277817937
3.71	0.7670732830419165
3.72	0.7162347426626177
3.73	0.6632389475691423
3.74	0.6088028605704359
3.75	0.5533469834561198
3.76	0.49704983866448554
3.77	0.4399191970931295
3.7800000000000002	0.38187081133101397
3.79	0.3228050480816153
3.8	0.262672496067529
3.81	0.20152128372326972
3.82	0.13952129295646576
3.83	0.07696342811147072
3.84	0.01423525706232398
3.8499999999999996	-0.04822267777676542
3.86	-0.10997312351971732
3.8699999999999997	-0.1706425585208191
3.88	-0.2299767873349411
3.8899999999999997	-0.2878831383485859
3.9	-0.34445224624657056
3.9099999999999997	-0.39995482716542796
3.92	-0.4548119006189611
3.9299999999999997	-0.5095402306320034
3.94	-0.5646779640616353
3.9499999999999997	-0.6206981594116008
3.96	-0.6779197979941318
3.9699999999999998	-0.7364267129087008
3.98	-0.796004537775616
3.9899999999999998	-0.8561042746436067
4.	-0.9158385473774695
4.01	-0.9740132973086284
4.02	-1.0291939349557007
4.03	-1.0798011805831156
4.04	-1.1242284133191798
4.05	-1.1609696776009408
4.06	-1.188745869803678
4.07	-1.2066162470293864
4.08	-1.2140633397268257
4.09	-1.2110415520888913
4.1	-1.1979830114206607
4.109999999999999	-1.1757582793069954
4.12	-1.1455939775834059
4.13	-1.1089537760661967
4.14	-1.0673930947378467
4.1499999999999995	-1.0224008847313197
4.16	-0.9752436411699288
4.17	-0.9268271496015021
4.18	-0.8775902959812613
4.19	-0.8274426465132632
4.2	-0.7757536438994601
4.21	-0.7213965168552019
4.22	-0.6628448062524491
4.23	-0.5983142781063115
4.24	-0.5259384334660776
4.25	-0.4439623069017632
4.26	-0.35093714385627545
4.2700000000000005	-0.2458981025660142
4.28	-0.1285084144235049
4.29	0.0008436426595523905
4.3	0.14100432001204966
4.3100000000000005	0.29007465382709624
4.32	0.4454898699856738
4.33	0.604150884175825
4.34	0.762596016952881
4.3500000000000005	0.9171974033016027
4.36	1.064364490449847
4.37	1.2007366926692293
4.38	1.32334873041394
4.390000000000001	1.4297552602106485
4.4	1.5181057698926554
4.41	1.5871659076192548
4.42	1.6362868870816027
4.43	1.66532979608253
4.44	1.6745559985092844
4.45	1.6644979198624006
4.46	1.6358260402558824
4.47	1.5892277493302487
4.4799999999999995	1.5253118868079731
4.489999999999999	1.4445495144768434
4.5	1.3472571018946387
4.51	1.2336233294408583
4.52	1.1037756482073453
4.529999999999999	0.9578781210987543
4.54	0.7962483883504708
4.55	0.6194792400948097
4.56	0.4285494882960575
4.569999999999999	0.22490969814059425
4.58	0.010530781796457236
4.59	-0.21209277066084817
4.6	-0.4399885325395263
4.609999999999999	-0.6697989900960883
4.62	-0.8979148450802037
4.63	-1.1206375438599276
4.64	-1.3343564377997443
4.6499999999999995	-1.5357240878060205
4.66	-1.7218130385408519
4.67	-1.890238957296719
4.68	-2.039238227461756
4.6899999999999995	-2.167692600916901
4.7	-2.2750988952482256
4.71	-2.3614874161155788
4.72	-2.4272981930302007
4.7299999999999995	-2.4732286565707637
4.74	-2.5000695558904695
4.75	-2.508547352933123
4.76	-2.499190848556349
4.77	-2.4722374126011926
4.78	-2.4275901260120625
4.79	-2.364831803338093
4.8	-2.283295796005076
4.8100000000000005	-2.1821873136552608
4.82	-2.0607433935698527
4.83	-1.9184151955659745
4.84	-1.7550534837274823
4.8500000000000005	-1.5710772895092884
4.86	-1.3676069423939985
4.87	-1.1465457981512295
4.88	-0.9105997803068286
4.890000000000001	-0.6632297957478347
4.9	-0.4085385881544874
4.91	-0.1510999937158758
4.92	0.10425578556357784
4.930000000000001	0.3526829444109726
4.94	0.5895663481294025
4.95	0.8107522229058722
4.96	1.0127436561543963
4.970000000000001	1.1928446915612485
4.98	1.3492417516569786
4.99	1.4810171267538883
5.	1.5880957310010313
5.010000000000001	1.6711325999355198
5.0200000000000005	1.7313540669837622
5.03	1.7703696702221647
5.04	1.7899742035255528
5.050000000000001	1.7919597128616371
5.0600000000000005	1.777955622992739
5.07	1.749311738541283
5.08	1.7070339579177098
5.09	1.651776680477175
5.1	1.583889686867766
5.109999999999999	1.5035113775898203
5.12	1.4106952840532283
5.13	1.3055532451627072
5.14	1.1883969465021234
5.1499999999999995	1.059859833461168
5.16	0.9209837060730095
5.17	0.7732583408923004
5.18	0.618607832885552
5.1899999999999995	0.45932343080900306
5.2	0.2979487901461225
5.21	0.13712911115477344
5.22	-0.020560051774322963
5.2299999999999995	-0.17278591898631857
5.24	-0.31761457828460316
5.25	-0.4536325900029391
5.26	-0.580020137599718
5.27	-0.696566840727524
5.28	-0.8036274883010474
5.29	-0.9020214828622243
5.3	-0.9928860019012149
5.31	-1.0774980930479425
5.32	-1.1570845485060903
5.33	-1.2326400377862783
5.34	-1.304773417857745
5.35	-1.3735994226934698
5.359999999999999	-1.4386883281392695
5.37	-1.4990801649720076
5.38	-1.5533632384435125
5.39	-1.5998098196603454
5.4	-1.6365556286752814
5.41	-1.6618047938851246
5.42	-1.674038877932453
5.430000000000001	-1.6722076504715908
5.44	-1.655880683852557
5.45	-1.6253424343115555
5.46	-1.5816189090493586
5.470000000000001	-1.526430777462168
5.48	-1.4620751924116622
5.49	-1.3912459016221255
5.5	-1.3168077079708744
5.510000000000001	-1.2415463138290046
5.5200000000000005	-1.1679175347441946
5.53	-1.0978204645828653
5.54	-1.032417322908549
5.550000000000001	-0.9720185659918323
5.5600000000000005	-0.916045779082522
5.57	-0.8630774716077181
5.58	-0.810974893842505
5.590000000000001	-0.7570771800240556
5.6000000000000005	-0.6984482872252198
5.61	-0.6321530408674894
5.62	-0.5555366534990706
5.630000000000001	-0.46648167014088626
5.640000000000001	-0.36361847157419686
5.65	-0.24647003074376528
5.66	-0.11551811322149583
5.67	0.027814116808098116
5.680000000000001	0.18125987209194927
5.69	0.34187580188118527
5.7	0.5062605333191491
5.71	0.67080205917926
5.72	0.8319288711597874
5.7299999999999995	0.986339888493895
5.74	1.1311909707697159
5.75	1.2642208318210841
5.76	1.3838059482871263
5.77	1.488941859458833
5.78	1.5791562566952435
5.79	1.6543666162689104
5.8	1.7147010665409
5.81	1.760305079561255
5.82	1.79115803640104
5.83	1.8069225901629382
5.84	1.8068461667309783
5.85	1.789728282233432
5.86	1.7539602130018555
5.87	1.6976356743487941
5.88	1.6187233676910857
5.89	1.5152853493077894
5.9	1.385719873120527
5.91	1.2290042141522992
5.92	1.0449123189862168
5.93	0.8341840328525201
5.94	0.5986269390799663
5.95	0.34113809410974655
5.96	0.06564053031950719
5.97	-0.2230624268121471
5.98	-0.5195040387861838
5.99	-0.8178243308403466
6.	-1.1120704795135294
6.01	-1.3965013931430938
6.0200000000000005	-1.6658700905028694
6.03	-1.9156597061779699
6.04	-2.1422535572503367
6.050000000000001	-2.3430262340110817
6.0600000000000005	-2.5163504698583865
6.07	-2.6615228130124775
6.08	-2.778619024953839
6.090000000000001	-2.8682968629915613
6.1000000000000005	-2.931568782019914
6.11	-2.969569619863365
6.12	-2.983344262281744
6.130000000000001	-2.97367763940163
6.140000000000001	-2.94098447602402
6.15	-2.8852695334876564
6.16	-2.80616135233104
6.170000000000001	-2.7030145507805
6.180000000000001	-2.575068390556983
6.19	-2.421643354357767
6.2	-2.242353502251271
6.210000000000001	-2.037310784346138
6.220000000000001	-1.807298424796527
6.23	-1.5538938287000232
6.24	-1.2795268176908379
6.250000000000001	-0.9874657825927592
6.260000000000001	-0.6817318200943985
6.2700000000000005	-0.3669482997351771
6.28	-0.048139814375333226
6.290000000000001	0.2695005680381475
6.300000000000001	0.5808539088136369
6.3100000000000005	0.8811054075757035
6.32	1.165941101287873
6.33	1.4316944043300308
6.34	1.6754312003119765
6.35	1.894968843410625
6.36	2.0888314497858698
6.37	2.2561505153293293
6.38	2.396525487810077
6.39	2.509862869509684
6.4	2.596214326181496
6.41	2.6556339406964704
6.42	2.6880722199916463
6.43	2.693320015403027
6.44	2.671009622908737
6.45	2.620673616839366
6.46	2.541855151752374
6.47	2.434257270719553
6.48	2.297913852112343
6.49	2.1333617487780545
6.5	1.9417927736738927
6.51	1.7251655890938529
6.5200000000000005	1.4862611456958694
6.53	1.228670743669621
6.54	0.9567125044850877
6.55	0.6752793578062748
6.5600000000000005	0.3896288028497617
6.57	0.10513094357410671
6.58	-0.17300404213369186
6.59	-0.4399952624274912
6.6	-0.6917333608985443
6.61	-0.9249739288047295
6.62	-1.1374647715060706
6.63	-1.327995900129842
6.640000000000001	-1.4963684323555313
6.65	-1.6432862851902459
6.66	-1.7701818414751174
6.670000000000001	-1.8789929286675102
6.680000000000001	-1.9719128437316193
6.69	-2.051137359170572
6.7	-2.1186324504174614
6.710000000000001	-2.175943941254509
6.720000000000001	-2.224065659951002
6.73	-2.263376530174203
6.74	-2.29364993586566
6.750000000000001	-2.3141314295753452
6.760000000000001	-2.323674136671598
6.7700000000000005	-2.3209157111628183
6.78	-2.3044769537705188
6.790000000000001	-2.2731605527417535
6.800000000000001	-2.2261289772135857
6.8100000000000005	-2.1630432393732164
6.82	-2.08414873078743
6.830000000000001	-1.990300139437056
6.840000000000001	-1.8829239527409867
6.8500000000000005	-1.7639235737371584
6.86	-1.6355379566142045
6.870000000000001	-1.50016931299576
6.880000000000001	-1.3601983940802518
6.890000000000001	-1.2178068359486682
6.9	-1.0748249902842102
6.91	-0.9326206849493905
6.920000000000001	-0.7920397983584907
6.930000000000001	-0.653403879545221
6.94	-0.5165639039623334
6.95	-0.38100327362137937
6.96	-0.24597798073217741
6.97	-0.11067800354154472
6.98	0.025608103540975757
6.99	0.16334360676133985
7.	0.3026253281929979
7.01	0.44310946960500774
7.0200000000000005	0.5839892962007616
7.03	0.7240266372083193
7.04	0.8616331461003635
7.05	0.9949917074016238
7.0600000000000005	1.1222038896712674
7.07	1.2414464201469628
7.08	1.3511186206541426
7.09	1.4499637156511425
7.1000000000000005	1.5371498011857756
7.11	1.6123007388622559
7.12	1.6754728276205555
7.13	1.7270792023672819
7.140000000000001	1.7677698509060928
7.15	1.7982802842621508
7.16	1.8192656815143726
7.17	1.8311393454615776
7.180000000000001	1.8339343256189213
7.19	1.8272050772439932
7.2	1.8099822273401602
7.21	1.7807882970955822
7.220000000000001	1.737716117377012
7.23	1.6785652918384368
7.24	1.6010260581187348
7.25	1.5028948778583011
7.26	1.3823025558166928
7.27	1.2379340015481732
7.279999999999999	1.0692190741712495
7.29	0.876476263202534
7.3	0.6609950336796383
7.31	0.4250481087656105
7.319999999999999	0.17183125354014772
7.33	-0.09466534402659466
7.34	-0.36984384960674804
7.35	-0.6487282905793459
7.359999999999999	-0.9262176480922069
7.37	-1.197341471503134
7.38	-1.45749701992904
7.39	-1.7026489633946402
7.3999999999999995	-1.9294764561656224
7.41	-2.135457548479475
7.42	-2.3188869186659606
7.43	-2.478829192076436
7.4399999999999995	-2.615016049731717
7.45	-2.7277003402956024
7.46	-2.8174840130429835
7.47	-2.8851385518461243
7.4799999999999995	-2.9314365554110564
7.49	-2.9570112165804474
7.5	-2.962256932745
7.51	-2.9472795239938785
7.52	-2.9118990609595334
7.529999999999999	-2.855702691693408
7.54	-2.7781396911251135
7.55	-2.678646763661036
7.56	-2.556788821098113
7.57	-2.41239928999934
7.58	-2.245704550263685
7.59	-2.05741926054286
7.6000000000000005	-1.848802808725976
7.61	-1.6216715250516143
7.62	-1.3783661134186924
7.63	-1.1216784649044333
7.640000000000001	-0.8547461155913187
7.65	-0.5809256781886403
7.66	-0.30365831611016836
7.67	-0.026340592927868778
7.680000000000001	0.24778716556310576
7.69	0.5157253449457428
7.7	0.7747661723612378
7.71	1.022509384137731
7.720000000000001	1.256844506417678
7.73	1.4759056964398372
7.74	1.6780082268559822
7.75	1.8615777618829177
7.760000000000001	2.025084357299915
7.7700000000000005	2.1669925372433902
7.78	2.2857369225250546
7.79	2.379729905342849
7.800000000000001	2.447404095239129
7.8100000000000005	2.4872880949176452
7.82	2.498110039230741
7.83	2.4789196831399405
7.84	2.4292170475929202
7.8500000000000005	2.3490740350491928
7.86	2.239235201945049
7.87	2.1011850798215974
7.88	1.93717198151118
7.89	1.7501818869502614
7.8999999999999995	1.5438604308706103
7.91	1.3223857838345339
7.92	1.090299859454928
7.93	0.8523093311110141
7.9399999999999995	0.6130709921272671
7.95	0.37697773228605846
7.96	0.14796164884779162
7.97	-0.07067047034836041
7.9799999999999995	-0.2763567396659215
7.99	-0.4673461214108817
8.	-0.6427066003269073
8.01	-0.8022763842828929
8.02	-0.9465637009297025
8.03	-1.0766049347526057
8.04	-1.1937940470630526
8.05	-1.299698171034368
8.06	-1.3958748342773497
8.07	-1.4837054333084452
8.08	-1.5642575037334612
8.09	-1.6381852489354864
8.1	-1.7056740449561494
8.11	-1.7664306127233476
8.12	-1.819716628533392
8.129999999999999	-1.8644200834507587
8.14	-1.899155988681886
8.15	-1.9223862525497282
8.16	-1.9325478169410992
8.17	-1.9281784228044168
8.18	-1.9080305647220959
8.19	-1.871166104417622
8.2	-1.8170263987225914
8.209999999999999	-1.7454753889735186
8.219999999999999	-1.6568156278772896
8.229999999999999	-1.5517794463994863
8.24	-1.4314991967822999
8.25	-1.2974616233271243
8.26	-1.1514518589011598
8.27	-0.9954923458814867
8.28	-0.8317812275069104
8.29	-0.6626335969913295
8.299999999999999	-0.49042761222252595
8.309999999999999	-0.3175560841274295
8.32	-0.1463829201308144
8.33	0.020797085714782948
8.34	0.1817970623108896
8.35	0.3345773505382354
8.36	0.4772865965706205
8.37	0.6083050153511613
8.379999999999999	0.726288969464812
8.389999999999999	0.8302147100576797
8.4	0.9194179522764151
8.41	0.9936251031668325
8.42	1.0529715873231367
8.43	1.0980029315661841
8.44	1.1296551094808622
8.45	1.149212065266687
8.459999999999999	1.1582402123573659
8.469999999999999	1.1585018490246637
8.479999999999999	1.1518516199200743
8.49	1.1401221313267642
8.5	1.1250063634613938
8.51	1.1079454214563564
8.52	1.09003029891707
8.53	1.0719256469499732
8.54	1.0538220879435087
8.55	1.0354215115662588
8.56	1.0159572345806487
8.57	0.9942481380889595
8.58	0.968783178452997
8.59	0.9378302562056554
8.6	0.8995615409827431
8.61	0.8521861534856078
8.62	0.7940806900660705
8.63	0.7239084564622795
8.64	0.6407193938675473
8.65	0.5440244067693276
8.66	0.43383996211066134
8.67	0.31070121758555636
8.68	0.17564433867072796
8.69	0.030160876096011202
8.7	-0.12387107637906081
8.71	-0.28427287144183455
8.72	-0.4486615958922967
8.73	-0.6145496321282711
8.74	-0.7794408667771106
8.75	-0.9409178142016913
8.76	-1.0967151987762112
8.77	-1.2447770563797116
8.78	-1.3832960185256797
8.79	-1.5107349799991097
8.8	-1.625832686961952
8.81	-1.727595809903544
8.82	-1.815280715374419
8.83	-1.8883683969134588
8.84	-1.9465358888941648
8.85	-1.98962702863288
8.860000000000001	-2.0176247465977277
8.870000000000001	-2.030626267302389
8.88	-2.0288218156012308
8.89	-2.012476755710635
8.9	-1.9819166296923125
8.91	-1.9375143584963288
8.92	-1.8796789293467302
8.93	-1.808845182323739
8.940000000000001	-1.7254647529411253
8.950000000000001	-1.62999872658657
8.96	-1.5229130043940402
8.97	-1.4046776646051014
8.98	-1.2757716482593364
8.99	-1.136693859557007
9.	-0.9879812509272214
9.01	-0.8302337087634697
9.020000000000001	-0.6641446569620266
9.030000000000001	-0.4905353699431242
9.040000000000001	-0.3103901654084573
9.05	-0.12488905424031095
9.06	0.06456583910663022
9.07	0.25633364655756374
9.08	0.44853094945411165
9.09	0.639042935879668
9.1	0.8255504942056692
9.110000000000001	1.0055728894728302
9.120000000000001	1.1765243300130168
9.13	1.335781523151333
9.14	1.4807583699116442
9.15	1.6089833573351067
9.16	1.7181750292107034
9.170000000000002	1.8063111601809192
9.180000000000001	1.8716878860353703
9.190000000000001	1.9129659757848723
9.200000000000001	1.9292025603205984
9.21	1.9198678334486359
9.22	1.8848473876387137
9.23	1.8244318250638223
9.24	1.7392960045913926
9.250000000000002	1.6304706899458297
9.260000000000002	1.499309432963858
9.270000000000001	1.3474532760309041
9.280000000000001	1.1767953411982992
9.290000000000001	0.9894466699878297
9.3	0.7877038864626946
9.31	0.5740184841890679
9.32	0.35096688958471517
9.330000000000002	0.12122001969815846
9.340000000000002	-0.11248910333192222
9.350000000000001	-0.34740096427753975
9.360000000000001	-0.5807692182628839
9.370000000000001	-0.8099045159735744
9.38	-1.0322217142439643
9.39	-1.2452887512664557
9.4	-1.4468745963183474
9.41	-1.6349930253372524
9.420000000000002	-1.8079386476024577
9.43	-1.964311705682293
9.44	-2.1030287349384165
9.45	-2.223317187729744
9.459999999999999	-2.324693527592715
9.469999999999999	-2.4069259491100463
9.48	-2.4699846028140153
9.49	-2.513983796541199
9.5	-2.5391218966281612
9.51	-2.545625378232019
9.52	-2.533703536029195
9.53	-2.5035196960834893
9.54	-2.455183381423746
9.549999999999999	-2.3887658796378926
9.56	-2.3043392227950092
9.57	-2.2020359635638354
9.58	-2.082124598966665
9.59	-1.9450933426089578
9.6	-1.7917334370496338
9.61	-1.623212530155128
9.62	-1.4411289279423036
9.629999999999999	-1.2475387960389457
9.64	-1.0449505218925133
9.65	-0.8362832821195396
9.66	-0.6247901169200458
9.67	-0.4139491779809401
9.68	-0.20732995143229063
9.69	-0.008443844093018932
9.7	0.1794097091043263
9.709999999999999	0.3532896961324333
9.719999999999999	0.5107409537096546
9.73	0.6498924048276425
9.74	0.7695183271698274
9.75	0.8690579992770897
9.76	0.9485926538316874
9.77	1.0087823682391521
9.78	1.0507689911351923
9.790000000000001	1.0760541082613464
9.8	1.086363112243026
9.81	1.0835074565768648
9.82	1.0692570418786491
9.83	1.0452334098030578
9.84	1.012832126307051
9.85	0.9731796426885387
9.86	0.9271263345023695
9.870000000000001	0.8752736939268162
9.88	0.8180301690754427
9.89	0.7556872643838155
9.9	0.688505543720723
9.91	0.6167993268846637
9.92	0.5410092404144945
9.93	0.46175334602271256
9.94	0.37985016586122994
9.950000000000001	0.29631027885392014
9.96	0.21229691331624273
9.97	0.1290596940548064
9.98	0.047848997303864826
9.99	-0.03017915436391258
10.	-0.10405635625224519
10.01	-0.17308185880749805
10.02	-0.2368792216429605
10.03	-0.2954218556911372
10.040000000000001	-0.34902309566753986
10.05	-0.39829039343436495
10.06	-0.4440473124034262
10.07	-0.48723077502217826
10.08	-0.5287740400402838
10.09	-0.5694878117669753
10.100000000000001	-0.6099524757015257
10.110000000000001	-0.6504336240830482
10.120000000000001	-0.6908308466451709
10.13	-0.7306664306255164
10.14	-0.7691164804458499
10.15	-0.8050824619504082
10.16	-0.8372967733763338
10.17	-0.8644521141966333
10.180000000000001	-0.8853415774973201
10.190000000000001	-0.8989948474093865
10.200000000000001	-0.9047958251988117
10.21	-0.9025684705171106
10.22	-0.8926205080645603
10.23	-0.8757386510234195
10.24	-0.853133749175162
10.25	-0.8263393180101319
10.260000000000002	-0.7970717448505285
10.270000000000001	-0.7670646103057179
10.280000000000001	-0.7378925794655236
10.290000000000001	-0.710801881309321
10.3	-0.6865643179666238
10.31	-0.6653699971234105
10.32	-0.6467706952609383
10.33	-0.629681226195681
10.34	-0.6124408286290939
10.350000000000001	-0.5929309099484248
10.36	-0.5687400458674889
10.37	-0.5373624790006634
10.379999999999999	-0.49641295893234627
10.389999999999999	-0.4438389789484378
10.399999999999999	-0.37811149054293836
10.41	-0.29837703526348625
10.42	-0.2045577569896957
10.43	-0.09739060640220887
10.44	0.021597256384322083
10.45	0.1501738859858902
10.459999999999999	0.28554018632571343
10.469999999999999	0.4245063965043808
10.479999999999999	0.5636907029929183
10.49	0.6997215985242743
10.5	0.8294258189073235
10.51	0.9499857232296879
10.52	1.059053606971593
10.53	1.1548152522940165
10.54	1.2360005043475641
10.549999999999999	1.301844231092422
10.559999999999999	1.352006089425387
10.57	1.386461556114985
10.58	1.4053792783543408
10.59	1.4090007043346102
10.6	1.3975371006572797
10.61	1.3710965696131547
10.62	1.3296498364229434
10.629999999999999	1.273038814593233
10.639999999999999	1.201026798820063
10.649999999999999	1.1133841381024145
10.66	1.0099989437251349
10.67	0.8909992471754915
10.68	0.7568713776790681
10.69	0.6085593562323721
10.7	0.4475318061073361
10.709999999999999	0.2758060872050081
10.72	0.09592374419567651
10.73	-0.08912353746498936
10.74	-0.27601298029640875
10.75	-0.4612453563138108
10.76	-0.6413217794265488
10.77	-0.8129265121228582
10.78	-0.9730985982663728
10.79	-1.1193758668356857
10.8	-1.2498973261886666
10.81	-1.3634539584206722
10.82	-1.4594830381540311
10.83	-1.5380068225337271
10.84	-1.599522197235291
10.85	-1.6448530108635286
10.86	-1.6749808314526837
10.87	-1.6908722689021642
10.88	-1.6933215421458325
10.89	-1.6828255407383919
10.9	-1.6595053569870057
10.91	-1.6230834659795352
10.92	-1.5729198946066492
10.93	-1.5081044529396797
10.94	-1.427596062351384
10.95	-1.3303950479689184
10.959999999999999	-1.2157305250753558
10.97	-1.0832431086090264
10.98	-0.9331433274005452
10.99	-0.766328328049088
11.	-0.5844434870229567
11.01	-0.3898809983302176
11.02	-0.1857138020372166
11.030000000000001	0.02443028994050475
11.040000000000001	0.23654340603576138
11.05	0.44644559947918727
11.06	0.6500069529296881
11.07	0.8433634170742768
11.08	1.0231067484960183
11.09	1.18643166595984
11.1	1.3312278103204527
11.110000000000001	1.4561098056074895
11.120000000000001	1.560385084587768
11.13	1.6439655024602344
11.14	1.7072344600687817
11.15	1.7508857041237427
11.16	1.7757527053664919
11.17	1.7826482500411638
11.18	1.7722325332736673
11.190000000000001	1.7449247462086748
11.200000000000001	1.7008682348137774
11.21	1.6399532794828167
11.22	1.5618950237392966
11.23	1.4663577487197037
11.24	1.3531112187333934
11.25	1.2222008038662977
11.26	1.0741109685524077
11.27	0.9099017597303896
11.280000000000001	0.7313001724523942
11.290000000000001	0.5407325222577389
11.3	0.3412898048420472
11.31	0.13662489019680846
11.32	-0.06921242310253228
11.33	-0.271989728359627
11.340000000000002	-0.4675373602109743
11.350000000000001	-0.6520026167097649
11.360000000000001	-0.8220890928076516
11.370000000000001	-0.9752581752364549
11.38	-1.1098729348527983
11.39	-1.2252699209321005
11.4	-1.3217511966195064
11.41	-1.4004966683787876
11.420000000000002	-1.4634045674005003
11.430000000000001	-1.5128750329766314
11.440000000000001	-1.5515573903717241
11.450000000000001	-1.582085318746937
11.46	-1.6068252876660112
11.47	-1.6276622729791161
11.48	-1.645842977639712
11.49	-1.6618909631697476
11.500000000000002	-1.6756008353070946
11.510000000000002	-1.686110662350578
11.520000000000001	-1.6920439466669808
11.530000000000001	-1.6917055152334994
11.540000000000001	-1.6833103457402485
11.55	-1.6652211368359202
11.56	-1.6361696818137255
11.57	-1.5954388821187717
11.58	-1.5429863534449897
11.590000000000002	-1.4794966113365615
11.6	-1.406356162450511
11.61	-1.3255537301944054
11.62	-1.2395155127122726
11.629999999999999	-1.1508920350422498
11.639999999999999	-1.0623181448050172
11.65	-0.976170508913821
11.66	-0.8943473125654068
11.67	-0.8180927031916011
11.68	-0.747884074903471
11.69	-0.6833939985446311
11.7	-0.6235311022916913
11.709999999999999	-0.5665562568363008
11.719999999999999	-0.5102628261760541
11.73	-0.4522032861976575
11.74	-0.38993985271806664
11.75	-0.32129438115340186
11.76	-0.24457295122835687
11.77	-0.1587432206813907
11.78	-0.06354754817797345
11.79	0.04045846173452261
11.799999999999999	0.1519446430095101
11.81	0.26891689936632446
11.82	0.3888871603079712
11.83	0.5090840651437798
11.84	0.6266817956650894
11.85	0.7390229031033104
11.86	0.843811966703318
11.87	0.939260365173457
11.879999999999999	1.0241679626259885
11.889999999999999	1.0979345110856376
11.9	1.1605012999613358
11.91	1.212231212093123
11.92	1.253742063334058
11.93	1.2857131962568795
11.94	1.3086882327425364
11.95	1.3228973608265797
11.96	1.3281204961642012
11.97	1.3236083398251015
11.98	1.3080722122260326
11.99	1.2797462261928492
12.	1.2365176374293052
12.01	1.1761138831427589
12.02	1.0963286490233826
12.03	0.995264928114518
12.040000000000001	0.8715709023658021
12.05	0.7246448076585679
12.06	0.5547877029244532
12.07	0.3632879739046804
12.08	0.15242796504003003
12.09	-0.07458931462502749
12.1	-0.31378768666103407
12.11	-0.5606265546259044
12.120000000000001	-0.8102520345102389
12.13	-1.057767542555093
12.14	-1.2984991708302804
12.15	-1.5282319068549313
12.16	-1.743395879339987
12.17	-1.9411870192538498
12.18	-2.1196132817206577
12.19	-2.2774651873162166
12.2	-2.4142171286039376
12.21	-2.5298728569778466
12.22	-2.624774096276137
12.23	-2.699394751540121
12.24	-2.7541443309655675
12.25	-2.7892028621345872
12.26	-2.8044059071229848
12.270000000000001	-2.799192659237654
12.280000000000001	-2.772623136802841
12.290000000000001	-2.7234629185192576
12.3	-2.650326495048229
12.31	-2.551863923450219
12.32	-2.4269707380908656
12.33	-2.274998486912764
12.34	-2.0959430866800446
12.350000000000001	-1.8905904269836529
12.360000000000001	-1.6606030451238774
12.370000000000001	-1.4085377592378152
12.38	-1.1377912283574216
12.39	-0.8524777471629424
12.4	-0.5572504028094887
12.41	-0.25708230839627166
12.42	0.042971591183325275
12.430000000000001	0.33801004537815305
12.440000000000001	0.6234969820372265
12.450000000000001	0.8954305121025312
12.46	1.1504558319360523
12.47	1.3859145616661857
12.48	1.5998299014915522
12.49	1.7908337851508787
12.5	1.958048245046263
12.51	2.1009378476165197
12.520000000000001	2.219152831595268
12.530000000000001	2.312383204973646
12.540000000000001	2.380242473260195
12.55	2.4221960561026963
12.56	2.43754418641651
12.57	2.4254627319516766
12.580000000000002	2.385098604048565
12.590000000000002	2.3157099386341438
12.600000000000001	2.2168357396307186
12.610000000000001	2.0884757565084877
12.620000000000001	1.9312594580801155
12.63	1.7465832911980521
12.64	1.5366979725898031
12.65	1.30473211876595
12.660000000000002	1.0546446258564983
12.670000000000002	0.7911052543227894
12.680000000000001	0.5193101335216478
12.690000000000001	0.24474562750097062
12.700000000000001	-0.02708050741344864
12.71	-0.2909180729440327
12.72	-0.542039434776084
12.73	-0.7764674680623054
12.740000000000002	-0.9911465743089454
12.750000000000002	-1.1840421428304246
12.760000000000002	-1.3541605385035398
12.770000000000001	-1.5014891932639305
12.780000000000001	-1.6268638998973342
12.790000000000001	-1.7317771902130015
12.8	-1.8181470421091983
12.81	-1.8880685689201402
12.82	-1.9435724735374609
12.830000000000002	-1.9864128113956938
12.84	-2.0179031578899282
12.85	-2.0388149997999805
12.86	-2.049345631456113
12.87	-2.0491557193129233
12.879999999999999	-2.037469734654806
12.89	-2.0132263447571344
12.9	-1.9752611977008225
12.91	-1.922501773819604
12.92	-1.8541533436501274
12.93	-1.7698565826424788
12.94	-1.6698008429902607
12.95	-1.554782076614824
12.959999999999999	-1.4262003965021781
12.97	-1.2859986224575939
12.98	-1.136549224123066
12.99	-0.9805022336996712
13.	-0.820610441795743
13.01	-0.65955015412223
13.02	-0.4997558033401889
13.03	-0.34328481006457456
13.04	-0.19172549716459897
13.05	-0.046155981198949314
13.06	0.09284367677599115
13.07	0.2251295771238231
13.08	0.3508911977739859
13.09	0.47052088360008665
13.1	0.5844715963972644
13.11	0.6931199527328356
13.12	0.7966507233047992
13.129999999999999	0.8949763141326774
13.14	0.9877005852739404
13.15	1.0741311403774008
13.16	1.1533385117035526
13.17	1.2242550989027663
13.18	1.2858019140309662
13.19	1.3370276802718841
13.200000000000001	1.3772430303349859
13.21	1.4061326723307253
13.22	1.423830447459471
13.23	1.4309459950919736
13.24	1.428536875810257
13.25	1.4180259412714062
13.26	1.4010698494649938
13.27	1.3793902498610628
13.280000000000001	1.3545836971343195
13.290000000000001	1.327929299159243
13.3	1.3002141345037064
13.31	1.2715954561453495
13.32	1.241515713544207
13.33	1.208681759272344
13.34	1.1711137155632818
13.35	1.126262440229939
13.360000000000001	1.0711879933565709
13.370000000000001	1.0027856064959288
13.38	0.918040969025181
13.39	0.8142936237718496
13.4	0.689486193274419
13.41	0.5423781361289963
13.42	0.3727056603332898
13.43	0.1812740139000425
13.44	-0.030025805289069063
13.450000000000001	-0.2582773764181714
13.46	-0.49967109843816315
13.47	-0.7496971804119429
13.48	-1.0033832423235522
13.49	-1.255556938941364
13.5	-1.5011123813548624
13.510000000000002	-1.7352594253761087
13.520000000000001	-1.9537370606855387
13.530000000000001	-2.1529759318935993
13.540000000000001	-2.3302000642509606
13.55	-2.483463651792518
13.56	-2.6116247304205134
13.57	-2.71426313126127
13.58	-2.791554767503616
13.590000000000002	-2.844117627567379
13.600000000000001	-2.872846546652655
13.610000000000001	-2.8787537931502136
13.620000000000001	-2.8628307990894384
13.63	-2.8259432160416833
13.64	-2.768767262552646
13.65	-2.691770519077882
13.66	-2.59523544244258
13.670000000000002	-2.479319426572125
13.680000000000001	-2.3441416789768668
13.690000000000001	-2.189884852550283
13.700000000000001	-2.016898464994478
13.71	-1.8257916879135792
13.72	-1.6175049686476917
13.73	-1.393352893659888
13.74	-1.1550343394212246
13.75	-0.9046098502532126
13.760000000000002	-0.6444498863198934
13.77	-0.3771606914446774
13.78	-0.10549671468060628
13.79	0.1677304280843226
13.799999999999999	0.4397366213622062
13.809999999999999	0.7078350160086954
13.82	0.9694846235837631
13.83	1.2223144002931097
13.84	1.4641227319771672
13.85	1.6928554228205293
13.86	1.9065680606037223
13.87	2.1033806724248
13.879999999999999	2.2814336736997105
13.889999999999999	2.4388541327431827
13.9	2.5737403219015134
13.91	2.684170516416892
13.92	2.7682392468952495
13.93	2.8241210012808766
13.94	2.850158046560598
13.95	2.8449659518170405
13.959999999999999	2.807547874165948
13.969999999999999	2.737406994338464
13.98	2.634645853365773
13.99	2.500041837128993
14.	2.3350896591856065
14.01	2.142004269037827
14.02	1.9236809265353012
14.03	1.6836129181903483
14.04	1.4257711844809173
14.049999999999999	1.1544536037722741
14.059999999999999	0.8741144901358089
14.07	0.5891867242933535
14.08	0.30390965821631083
14.09	0.022175438466760067
14.1	-0.2525952711305961
14.11	-0.5175398534667355
14.12	-0.7703976746343195
14.13	-1.009510270288012
14.14	-1.233780464702044
14.15	-1.4425965518562054
14.16	-1.6357304271557507
14.17	-1.8132203812236407
14.18	-1.975250008206733
14.19	-2.122034311439017
14.2	-2.2537226960631322
14.21	-2.3703263103109227
14.22	-2.4716744008841736
14.23	-2.5574012945967253
14.24	-2.626962628626892
14.25	-2.679676820124086
14.26	-2.7147857312229853
14.27	-2.7315272083927953
14.28	-2.7292117258744932
14.290000000000001	-2.7072957205428274
14.3	-2.6654452657657366
14.31	-2.6035853247504286
14.32	-2.521931736496431
14.33	-2.42100508950094
14.34	-2.30162750773249
14.35	-2.1649049190587792
14.36	-2.012198456222386
14.37	-1.8450891731670043
14.38	-1.6653402291041153
14.39	-1.4748601467396147
14.4	-1.2756697925314169
14.41	-1.0698745008943753
14.42	-0.8596414414921306
14.43	-0.6471810862180633
14.440000000000001	-0.43473063458475186
14.450000000000001	-0.22453663683795116
14.46	-0.018833901648552698
14.47	0.1801818776546253
14.48	0.3703895256732522
14.49	0.5497863605517993
14.5	0.7165398374119435
14.51	0.8690444339465792
14.520000000000001	1.0059799543367165
14.530000000000001	1.1263663411805789
14.540000000000001	1.229609473212447
14.55	1.3155324047998085
14.56	1.3843871236128336
14.57	1.43684314468921
14.58	1.4739510276996814
14.59	1.4970810388348124
14.600000000000001	1.5078394687950512
14.610000000000001	1.5079673261997821
14.620000000000001	1.4992280133762403
14.63	1.483291948201666
14.64	1.461626762740232
14.65	1.4354015990453874
14.66	1.4054131284311757
14.67	1.3720393189564979
14.68	1.3352248166811407
14.690000000000001	1.2944992956801469
14.700000000000001	1.2490275088978642
14.71	1.1976872819605753
14.72	1.1391695600442273
14.73	1.0720930256374412
14.74	0.995124874194879
14.750000000000002	0.907099117563343
14.760000000000002	0.807124263688119
14.770000000000001	0.6946733140531627
14.780000000000001	0.5696505958045872
14.790000000000001	0.43243183878033276
14.8	0.2838759399309258
14.81	0.1253088545907034
14.82	-0.04151813824247674
14.830000000000002	-0.21449205274501026
14.840000000000002	-0.39121884795320705
14.850000000000001	-0.5691155973795132
14.860000000000001	-0.7455084241394894
14.870000000000001	-0.9177306133491707
14.88	-1.083215815647716
14.89	-1.2395820155043165
14.9	-1.3847028660361191
14.910000000000002	-1.5167639984861836
14.920000000000002	-1.6343029167734464
14.930000000000001	-1.736232016815639
14.940000000000001	-1.8218450762439002
14.950000000000001	-1.8908082132565782
14.96	-1.9431368057767275
14.97	-1.9791602055164437
14.98	-1.9994763034465883
14.99	-2.004898140772357
15.000000000000002	-1.9963948527088573