0.	4.
0.01	3.999999980002111
0.02	3.999999680135279
0.03	3.9999983815432754
0.04	3.999994888689754
0.05	3.999987533239643
0.06	3.9999741795827606
0.07	3.9999522320864482
0.08	3.999918644184972
0.09	3.999869929431471
0.1	3.999802174652824
0.11	3.9997110553583255
0.12	3.9995918535592976
0.13	3.999439478157909
0.14	3.9992484880595405
0.15	3.9990131181536017
0.16	3.9987273082923265
0.17	3.998384735376388
0.18	3.9979788486292973
0.19	3.9975029081102242
0.2	3.9969500264773794
0.21000000000000002	3.9963132139712685
0.22	3.995585426540134
0.23	3.9947596169788446
0.24	3.9938287888984814
0.25	3.9927860532874617
0.26	3.9916246873674264
0.27	3.990338195389123
0.28	3.988920370956417
0.29000000000000004	3.9873653604113786
0.3	3.9856677267613114
0.31	3.983822513580878
0.32	3.981825308280114
0.33	3.9796723040933837
0.34	3.977360360115929
0.35	3.9748870586951326
0.36	3.9722507594727228
0.37	3.9694506493736306
0.38	3.9664867878467955
0.39	3.963360146683292
0.4	3.960072643768223
0.41000000000000003	3.956627170164049
0.42000000000000004	3.9530276099749235
0.43	3.949278852502803
0.44	3.945386796276672
0.45	3.941358344614509
0.46	3.9372013924633995
0.47000000000000003	3.9329248043543266
0.48	3.92853838340423
0.49	3.92405283139692
0.5	3.919479700075002
0.51	3.914831333875993
0.52	3.910120804445136
0.53	3.905361837354329
0.54	3.9005687315492064
0.55	3.8957562721332915
0.56	3.8909396371790756
0.5700000000000001	3.8861342993282983
0.5800000000000001	3.8813559230081784
0.5900000000000001	3.876620258145185
0.6	3.871943031302897
0.61	3.8673398352053034
0.62	3.8628260176310425
0.63	3.858416570677591
0.64	3.8541260213977244
0.65	3.8499683248030196
0.66	3.8459567602122333
0.67	3.8421038318955762
0.68	3.8384211749303123
0.6900000000000001	3.8349194671386053
0.7000000000000001	3.831608347927329
0.71	3.8284963447897513
0.72	3.825590808164083
0.73	3.8228978552723865
0.74	3.820422323486877
0.75	3.8181677336898647
0.76	3.8161362640087058
0.77	3.814328734218951
0.78	3.812744601018192
0.79	3.81138196427973
0.8	3.8102375843007277
0.81	3.8093069099635413
0.8200000000000001	3.8085841176323783
0.8300000000000001	3.808062160511178
0.8400000000000001	3.807732828092673
0.8500000000000001	3.807586815234008
0.86	3.807613800301887
0.87	3.8078025317401987
0.88	3.8081409223268556
0.89	3.808616150304953
0.9	3.8092147664967237
0.91	3.8099228064388244
0.92	3.810725906514975
0.93	3.8116094230077064
0.9400000000000001	3.8125585529461006
0.9500000000000001	3.813558455592406
0.9600000000000001	3.8145943733873944
0.97	3.815651751163392
0.98	3.8167163524367798
0.99	3.817774371607101
1.	3.818812540920189
1.01	3.819818231096498
1.02	3.8207795445845454
1.03	3.821685400471507
1.04	3.822525610169108
1.05	3.8232909430916786
1.06	3.823973181654316
1.07	3.824565165039913
1.08	3.825060821315173
1.09	3.825455187613406
1.1	3.8257444182461
1.11	3.8259257807526508
1.12	3.825997640047035
1.1300000000000001	3.8259594309682052
1.1400000000000001	3.8258116196866947
1.1500000000000001	3.8255556545597402
1.1600000000000001	3.825193907159986
1.17	3.8247296043255
1.18	3.824166752190008
1.19	3.823510053250059
1.2	3.8227648176079843
1.21	3.8219368695958678
1.22	3.821032451033875
1.23	3.8200581224063974
1.24	3.819020663250806
1.25	3.8179269730459655
1.26	3.816783973860944
1.27	3.815598515980114
1.28	3.814377287658832
1.29	3.813126730085437
1.3	3.8118529585327736
1.31	3.8105616905759905
1.32	3.809258182136217
1.33	3.8079471719826516
1.34	3.8066328351923295
1.35	3.8053187459273596
1.36	3.804007849748545
1.37	3.802702445542389
1.3800000000000001	3.8014041769983065
1.3900000000000001	3.8001140334373154
1.4000000000000001	3.79883235966318
1.4100000000000001	3.7975588743853814
1.42	3.7962926966506454
1.43	3.7950323796188794
1.44	3.793775950930434
1.45	3.7925209588365405
1.46	3.7912645232041875
1.47	3.7900033904604826
1.48	3.788733991511486
1.49	3.7874525016550926
1.5	3.7861549015079
1.51	3.784837037981076
1.52	3.783494684369619
1.53	3.782123598662634
1.54	3.780719579237721
1.5499999999999998	3.7792785171698977
1.56	3.777796444462885
1.57	3.776269577596927
1.58	3.7746943558811594
1.59	3.77306747419796
1.6	3.771385909830764
1.61	3.769646943173034
1.62	3.767848172223652
1.6300000000000001	3.7659875208802105
1.6400000000000001	3.7640632411463018
1.6500000000000001	3.762073909468781
1.6600000000000001	3.7600184175158855
1.6700000000000002	3.757895957794964
1.6800000000000002	3.7557060045880335
1.69	3.7534482907538935
1.7	3.751122781005018
1.71	3.748729642316267
1.72	3.746269212158559
1.73	3.7437419652751798
1.74	3.7411484797290084
1.75	3.73848940294763
1.76	3.735765418478599
1.77	3.732977214140261
1.78	3.730125452214506
1.79	3.727210742277873
1.8	3.7242336172072568
1.81	3.7211945128269788
1.82	3.7180937515868173
1.83	3.7149315305773234
1.84	3.7117079141003586
1.85	3.7084228309211085
1.86	3.7050760762355486
1.87	3.7016673182941404
1.8800000000000001	3.698196109532265
1.8900000000000001	3.6946619019711235
1.9000000000000001	3.6910640665707883
1.9100000000000001	3.6874019161429
1.9200000000000002	3.6836747313630798
1.9300000000000002	3.679881789366739
1.94	3.6760223943636094
1.95	3.672095909671648
1.96	3.6681017905455975
1.97	3.6640396171633443
1.98	3.6599091271329875
1.99	3.6557102468939124
2.	3.6514431214087537
2.01	3.647108141575463
2.02	3.6427059688323924
2.03	3.6382375564808185
2.04	3.6337041673087054
2.05	3.629107387165474
2.06	3.6244491342079477
2.07	3.6197316636115158
2.08	3.614957567616533
2.09	3.6101297708565756
2.1	3.6052515209899854
2.11	3.600326374729944
2.12	3.595358179437432
2.13	3.5903510505070297
2.14	3.5853093448345366
2.15	3.5802376307092074
2.16	3.5751406545197866
2.17	3.5700233047026413
2.18	3.5648905733924563
2.19	3.559747516260019
2.2	3.5545992110387545
2.21	3.549450715251605
2.2199999999999998	3.5443070236525487
2.23	3.539173025894288
2.2399999999999998	3.534053464924355
2.25	3.5289528965979318
2.26	3.523875650976825
2.27	3.5188257957618236
2.28	3.5138071022791255
2.29	3.508823014413716
2.3	3.5038766208505456
2.31	3.4989706309524617
2.32	3.4941073545687447
2.33	3.4892886860328023
2.34	3.484516092570738
2.35	3.4797906073046696
2.36	3.47511282699599
2.37	3.470482914634221
2.38	3.465900606936059
2.39	3.461365226777796
2.4	3.4568757005409907
2.41	3.452430580307261
2.42	3.4480280707925317
2.43	3.44366606086449
2.44	3.439342159439246
2.45	3.435053735504982
2.46	3.4307979619707476
2.47	3.426571862989836
2.48	3.4223723643583335
2.49	3.418196346540969
2.5	3.4140406998312427
2.5100000000000002	3.4099023811080897
2.52	3.4057784716117006
2.5300000000000002	3.401666235124565
2.54	3.397563175912814
2.5500000000000003	3.3934670957578468
2.56	3.3893761493900127
2.57	3.385288897625693
2.5799999999999996	3.3812043575066797
2.59	3.377122048748042
2.5999999999999996	3.3730420358165123
2.61	3.3689649649878906
2.6199999999999997	3.3648920957678596
2.63	3.3608253261064585
2.6399999999999997	3.356767210891947
2.65	3.352720973274851
2.6599999999999997	3.3486905084458485
2.67	3.344680379572513
2.6799999999999997	3.3406958056878056
2.69	3.336742641416495
2.6999999999999997	3.3328273485237734
2.71	3.3289569593708626
2.7199999999999998	3.3251390324650956
2.73	3.3213816003937806
2.7399999999999998	3.3176931105322964
2.75	3.3140823590141553
2.76	3.3105584185438595
2.77	3.307130560720239
2.78	3.3038081736175426
2.79	3.300600675442262
2.8	3.297517425145055
2.81	3.2945676309174297
2.82	3.2917602575420952
2.83	3.2891039335929584
2.84	3.286606859495535
2.85	3.284276717460645
2.86	3.2821205842938643
2.87	3.2801448480602815
2.88	3.2783551295492686
2.89	3.2767562094370772
2.9	3.275351961988042
2.91	3.274145296066688
2.92	3.2731381041568604
2.93	3.2723312199981773
2.94	3.2717243853577305
2.95	3.271316226356806
2.96	3.2711042396686127
2.97	3.271084788796934
2.98	3.271253110535686
2.99	3.2716033316002644
3.	3.272128495311157
3.0100000000000002	3.2728205981027867
3.02	3.2736706355248093
3.0300000000000002	3.2746686573026635
3.04	3.275803830927554
3.0500000000000003	3.2770645131570624
3.06	3.278438328725497
3.0700000000000003	3.2799122554886915
3.08	3.281472715164715
3.0900000000000003	3.2831056687760447
3.1	3.2847967158563502
3.1100000000000003	3.2865311964516257
3.12	3.288294294924902
3.1300000000000003	3.2900711445649495
3.14	3.2918469320025365
3.1500000000000004	3.2936070004526306
3.16	3.2953369508287307
3.17	3.2970227398131673
3.1799999999999997	3.2986507740176108
3.19	3.3002079994269273
3.1999999999999997	3.301681985389245
3.21	3.3030610024924014
3.2199999999999998	3.3043340937515855
3.23	3.30549113862366
3.2399999999999998	3.306522909458936
3.25	3.30742112009911
3.26	3.3081784664296525
3.27	3.308788658794639
3.28	3.3092464462793547
3.29	3.309547632960559
3.3	3.3096890863137514
3.31	3.30966873804983
3.32	3.309485577729208
3.33	3.3091396395682704
3.34	3.3086319829098865
3.35	3.3079646668764333
3.36	3.30714071975902
3.37	3.306164103720528
3.38	3.3050396754026887
3.39	3.3037731430284256
3.4	3.3023710205810564
3.41	3.300840579621674
3.42	3.2991897992769452
3.43	3.297427314891584
3.44	3.295562365795284
3.45	3.293604742583212
3.46	3.291564734254886
3.47	3.2894530754992193
3.48	3.2872808943550984
3.49	3.2850596604198485
3.5	3.2828011337227467
3.5100000000000002	3.280517314328631
3.52	3.2782203926906757
3.5300000000000002	3.275922700730427
3.54	3.273636663589855
3.5500000000000003	3.2713747519748066
3.56	3.2691494349915424
3.5700000000000003	3.2669731333699223
3.58	3.264858172966804
3.5900000000000003	3.262816738451286
3.6	3.260860827091027
3.6100000000000003	3.2590022025816405
3.62	3.2572523488927154
3.6300000000000003	3.255622424139041
3.64	3.2541232145264387
3.65	3.252765088464237
3.6599999999999997	3.2515579509817014
3.67	3.2505111986301083
3.6799999999999997	3.2496336750965504
3.69	3.24893362779663
3.6999999999999997	3.248418665750183
3.71	3.2480957190775728
3.7199999999999998	3.2479710004796765
3.73	3.248049969084847
3.7399999999999998	3.2483372970577333
3.75	3.2488368393688516
3.76	3.2495516071196224
3.77	3.250483744803764
3.78	3.2516345118656957
3.79	3.25300426888606
3.8	3.254592468688469
3.81	3.256397652616533
3.82	3.258417452181175
3.83	3.26064859622211
3.84	3.2630869236682125
3.85	3.265727401918401
3.86	3.268564150800624
3.87	3.2715904720002635
3.88	3.2747988837842916
3.89	3.2781811607841362
3.9	3.2817283785379363
3.91	3.2854309624358957
3.92	3.2892787406584594
3.93	3.293261000648894
3.94	3.2973665486198445
3.95	3.30158377155699
3.96	3.3059007011549637
3.97	3.3103050790986885
3.98	3.3147844230897867
3.99	3.3193260930117106
4.	3.3239173566285207