0.	4.
0.01	3.9999998200890103
0.02	3.999997125698496
0.03	3.999985484944244
0.04	3.9999542851663232
0.05	3.9998888942618906
0.06	3.999770887638636
0.07	3.9995783415525077
0.08	3.999286193341234
0.09	3.99886666845733
0.1	3.9982897731754736
0.11	3.99752385036058
0.12	3.9965361937363935
0.13	3.99529371374242
0.14	3.993763645418576
0.15	3.9919142859756964
0.16	3.9897157470022386
0.17	3.98714070385467
0.18	3.9841651229121235
0.19	3.980768946249215
0.2	3.9769367130489686
0.21000000000000002	3.972658097822827
0.22	3.9679283472329487
0.23	3.9627485999474183
0.24	3.957126077360704
0.25	3.9510741369879847
0.26	3.9446121846763997
0.27	3.93776544625048
0.28	3.930564603623962
0.29000000000000004	3.9230453045980545
0.3	3.915247559399028
0.31	3.907215040389822
0.32	3.8989943042549413
0.33	3.8906339582483818
0.34	3.8821837937598054
0.35	3.8736939114337594
0.36	3.8652138623054957
0.37	3.856791828827229
0.38	3.8484738681940005
0.39	3.8403032380143944
0.4	3.832319821127191
0.41000000000000003	3.8245596623257545
0.42000000000000004	3.8170546250690993
0.43	3.8098321711537304
0.44	3.8029152610711465
0.45	3.7963223676926736
0.46	3.790067591324232
0.47000000000000003	3.784160860351161
0.48	3.778608198885747
0.49	3.773412041199432
0.5	3.768571572336807
0.51	3.764083075146302
0.52	3.759940265909104
0.53	3.756134603620442
0.54	3.7526555615417125
0.55	3.749490853635638
0.56	3.7466266126559282
0.5700000000000001	3.744047520732863
0.5800000000000001	3.741736897050939
0.5900000000000001	3.7396767504598225
0.6	3.7378478074365176
0.61	3.7362295276027035
0.62	3.7348001199105876
0.63	3.7335365725948977
0.64	3.732414709041846
0.65	3.731409279886306
0.66	3.7304940990103646
0.67	3.7296422278244927
0.68	3.728826208472003
0.6900000000000001	3.7280183426540683
0.7000000000000001	3.7271910089103906
0.71	3.7263170077006897
0.72	3.725369920791192
0.73	3.724324469492384
0.74	3.723156855383922
0.75	3.721845067375802
0.76	3.720369140272471
0.77	3.7187113523125377
0.78	3.7168563522556854
0.79	3.714791210227722
0.8	3.7125053904322813
0.81	3.709990647720412
0.8200000000000001	3.7072408536297505
0.8300000000000001	3.7042517606753553
0.8400000000000001	3.7010207162674162
0.8500000000000001	3.6975463395855037
0.86	3.6938281760476674
0.87	3.689866344707999
0.88	3.685661194047785
0.89	3.681212981242638
0.9	3.676521589131431
0.91	3.671586293799218
0.92	3.6664055939205253
0.93	3.6609771107915305
0.9400000000000001	3.6552975653144215
0.9500000000000001	3.649362835122801
0.9600000000000001	3.6431680916225595
0.97	3.6367080130894034
0.98	3.62997706627604
0.99	3.6229698454397017
1.	3.615681454521999
1.01	3.608107915616934
1.02	3.6002465850379277
1.03	3.592096557388583
1.04	3.5836590381364073
1.05	3.574937666306328
1.06	3.56593877099622
1.07	3.556671548370247
1.08	3.547148149449601
1.09	3.5373836732159294
1.1	3.527396064068526
1.11	3.5172059173310855
1.12	3.506836201080982
1.1300000000000001	3.4963119068756665
1.1400000000000001	3.4856596457817774
1.1500000000000001	3.4749072092771973
1.1600000000000001	3.464083116914707
1.17	3.4532161739252536
1.18	3.442335062058472
1.19	3.4314679857876333
1.2	3.420642393500436
1.21	3.40988478947562
1.22	3.399220647426861
1.23	3.3886744303920207
1.24	3.3782697150688445
1.25	3.3680294117358316
1.26	3.3579760640930885
1.27	3.3481322071779407
1.28	3.3385207563972674
1.29	3.329165397060466
1.3	3.320090941889794
1.31	3.3113236240041517
1.32	3.302891294870524
1.33	3.294823500606865
1.34	3.2871514156043045
1.35	3.27990761940913
1.36	3.273125710794967
1.37	3.2668397615378595
1.3800000000000001	3.2610836211432943
1.3900000000000001	3.2558900922205147
1.4000000000000001	3.2512900039404
1.4100000000000001	3.247311217653425
1.42	3.2439776039469645
1.43	3.241308033885757
1.44	3.2393154286826578
1.45	3.2380059114336834
1.46	3.2373781017582743
1.47	3.2374225892584114
1.48	3.238121614806123
1.49	3.239448980070592
1.5	3.2413701958106724
1.51	3.24384286878717
1.52	3.2468173162892024
1.53	3.250237386838431
1.54	3.254041456265887
1.5499999999999998	3.258163560611421
1.56	3.2625346216424784
1.57	3.267083717553305
1.58	3.271739350738521
1.59	3.2764306664175726
1.6	3.2810885801156653
1.61	3.2856467782432257
1.62	3.2900425637923094
1.6300000000000001	3.294217527956903
1.6400000000000001	3.2981180377283277
1.6500000000000001	3.301695538676571
1.6600000000000001	3.304906680721473
1.6700000000000002	3.3077132823178683
1.6800000000000002	3.310082154816875
1.69	3.311984813606456
1.7	3.3133971058682237
1.71	3.314298786373654
1.72	3.314673072738288
1.73	3.314506210055545
1.74	3.3137870720134353
1.75	3.3125068216583697
1.76	3.310658650160869
1.77	3.308237606522124
1.78	3.305240525431712
1.79	3.301666054730999
1.8	3.297514778432855
1.81	3.292789426240711
1.82	3.287495156201817
1.83	3.281639893657596
1.84	3.2752347070964882
1.85	3.2682941998778077
1.86	3.260836896034338
1.87	3.2528855983857623
1.8800000000000001	3.2444676978990676
1.8900000000000001	3.2356154145081666
1.9000000000000001	3.22636595136922
1.9100000000000001	3.2167615467278834
1.9200000000000002	3.206849410196859
1.9300000000000002	3.196681533300649
1.94	3.186314367667882
1.95	3.175808368260638
1.96	3.165227403505987
1.97	3.1546380390671622
1.98	3.1441087071133147
1.99	3.133708778095468
2.	3.1235075569263464
2.01	3.113573229758223
2.02	3.103971790916386
2.03	3.094765981659127
2.04	3.086014273052074
2.05	3.077769924217148
2.06	3.0700801445245167
2.07	3.0629853840473027
2.08	3.0565187710359902
2.09	3.0507057086362837
2.1	3.0455636359987177
2.11	3.0411019517670383
2.12	3.0373220911532575
2.13	3.0342177418255987
2.14	3.0317751790112193
2.15	3.0299736968042272
2.16	3.0287861108365424
2.17	3.0281793072627945
2.18	3.028114814387007
2.19	3.0285493760735474
2.2	3.0294355101185455
2.21	3.030722039720022
2.2199999999999998	3.032354591733158
2.23	3.034276061150806
2.2399999999999998	3.0364270468059438
2.25	3.0387462682513338
2.26	3.041170977747885
2.27	3.0436373839599224
2.28	3.046081105048904
2.29	3.0484376682270007
2.3	3.050643070440836
2.31	3.052634410808091
2.32	3.0543505999627003
2.33	3.05573314494484
2.34	3.056727001162794
2.35	3.0572814757847766
2.36	3.0573511602380776
2.37	3.0568968638170766
2.38	3.0558865161760425
2.39	3.0542960040397853
2.4	3.052109906995602
2.41	3.049322098784866
2.42	3.0459361839888883
2.43	3.041965745181254
2.44	3.0374343821737226
2.45	3.032375532529665
2.46	3.026832070639343
2.47	3.0208556909282676
2.48	3.0145060888092354
2.49	3.007849960435207
2.5	3.0009598488612452
2.5100000000000002	2.9939128696225725
2.52	2.98678935278646
2.5300000000000002	2.9796714410865386
2.54	2.97264168470836
2.5500000000000003	2.9657816726281476
2.56	2.9591707381420305
2.57	2.9528847724599365
2.5799999999999996	2.9469951751523578
2.59	2.941567964076529
2.5999999999999996	2.936663060488765
2.61	2.932333757735086
2.6199999999999997	2.9286263745946153
2.63	2.9255800874212223
2.6399999999999997	2.923226929037021
2.65	2.921591937170121
2.6599999999999997	2.920693431293452
2.67	2.920543394113949
2.6799999999999997	2.9211479326707
2.69	2.922507793928712
2.6999999999999997	2.9246189107263545
2.71	2.927472955730704
2.7199999999999998	2.9310578834408827
2.73	2.9353584430337887
2.7399999999999998	2.9403566477853404
2.75	2.9460321897835975
2.76	2.9523627915967547
2.77	2.959324489422696
2.78	2.9668918450244424
2.79	2.9750380864462467
2.8	2.98373518011375
2.81	2.992953839433781
2.82	3.0026634773847753
2.83	3.0128321127698947
2.84	3.0234262417075723
2.85	3.034410687476689
2.86	3.0457484429281907
2.87	3.0574005202595442
2.88	3.069325822978192
2.89	3.08148105433711
2.9	3.093820675423105
2.91	3.1062969244417467
2.92	3.1188599066190017
2.93	3.131457761579858
2.94	3.14403691212876
2.95	3.1565423951078264
2.96	3.1689182715330406
2.97	3.1811081095919036
2.98	3.1930555304675052
2.99	3.2047048034799857
3.	3.2160014739040266
3.0100000000000002	3.226893004239786
3.02	3.237329407905636
3.0300000000000002	3.2472638534885685
3.04	3.2566532179972585
3.0500000000000003	3.265458569103595
3.06	3.2736455591364337
3.0700000000000003	3.2811847175032054
3.08	3.2880516330518414
3.0900000000000003	3.2942270233465614
3.1	3.29969669354568
3.1100000000000003	3.304451393127626
3.12	3.308486583720886
3.1300000000000003	3.3118021353892484
3.14	3.3144019716416278
3.1500000000000004	3.3162936849979276
3.16	3.3174881450985967
3.17	3.317999120157876
3.1799999999999997	3.3178429301864814
3.19	3.317038147084591
3.1999999999999997	3.315605352713063
3.21	3.313566961685186
3.2199999999999998	3.310947111167108
3.23	3.3077716156926544
3.2399999999999998	3.3040679810927935
3.25	3.2998654682817112
3.26	3.2951951949501916
3.27	3.2900902612650227
3.28	3.2845858845160727
3.29	3.2787195272940415
3.3	3.272531004216927
3.31	3.2660625534007557
3.32	3.2593588607212
3.33	3.2524670273216723
3.34	3.245436473645257
3.35	3.2383187763325454
3.36	3.231167437429953
3.37	3.224037588304208
3.38	3.2169856332654367
3.39	3.210068840017457
3.4	3.203344885578229
3.41	3.196871367212993
3.42	3.1907052882271376
3.43	3.1849025282688057
3.44	3.179517307233555
3.45	3.174601651103803
3.46	3.1702048672638123
3.47	3.1663730361363402
3.48	3.163148525489592
3.49	3.160569533496077
3.5	3.1586696665655944
3.5100000000000002	3.157477558054165
3.52	3.157016534061035
3.5300000000000002	3.157304332545042
3.54	3.1583528818116227
3.5500000000000003	3.1601681439524674
3.56	3.162750028020619
3.5700000000000003	3.166092376587711
3.58	3.1701830279033896
3.5900000000000003	3.175003954225968
3.6	3.180531475111584
3.6100000000000003	3.1867365426269374
3.62	3.193585093674148
3.6300000000000003	3.2010384629510034
3.64	3.2090538485717603
3.65	3.2175848210742704
3.6599999999999997	3.2265818654751555
3.67	3.235992945238053
3.6799999999999997	3.2457640765346447
3.69	3.2558399010545056
3.6999999999999997	3.2661642459225537
3.71	3.276680660058308
3.7199999999999998	3.2873329175982793
3.73	3.2980654807981447
3.7399999999999998	3.308823917077771
3.75	3.3195552674623583
3.76	3.330208366432794
3.77	3.3407341159075945
3.78	3.3510857184994958
3.79	3.361218877067273
3.8	3.3710919687151413
3.81	3.380666201625015
3.82	3.3899057623813436
3.83	3.398777959804107
3.84	3.407253368886531
3.85	3.415305975471198
3.86	3.4229133190912204
3.87	3.43005662828424
3.88	3.4367209399851744
3.89	3.442895192610918
3.9	3.4485722813913533
3.91	3.4537490645119515
3.92	3.4584263097559047
3.93	3.462608573511742
3.94	3.4663040071053683
3.95	3.4695240892180266
3.96	3.4722832874058067
3.97	3.4745986561630957
3.98	3.4764893832811494
3.99	3.4779763001602264
4.	3.4790813749822016