0.	4.
0.01	3.9999983806793677
0.02	3.999974124312671
0.03	3.9998693003507952
0.04	3.9995883238913374
0.05	3.998999684925196
0.06	3.9979388835984837
0.07	3.9962129814940157
0.08	3.993607156235677
0.09	3.9898935363773327
0.1	3.9848423966432294
0.11	3.978235523778126
0.12	3.9698812471477463
0.13	3.9596303036133733
0.14	3.947391417990629
0.15	3.9331452745137447
0.16	3.916955471033108
0.17	3.898975113225153
0.18	3.8794479300136695
0.19	3.8587031625013144
0.2	3.8371439663223126
0.21	3.8152296251504993
0.22	3.793452445265197
0.23	3.772310729223544
0.24	3.752279656758498
0.25	3.7337821888035325
0.26	3.717162225365116
0.27	3.7026621745138497
0.28	3.6904068284427085
0.29	3.680395008852558
0.3	3.6724998674309264
0.31	3.666478050164726
0.32	3.6619872098693653
0.33	3.658610641054448
0.34	3.655887180671354
0.35	3.653344031462176
0.36	3.6505298770142347
0.37	3.647045608425888
0.38	3.6425701877322934
0.39	3.63687962106123
0.4	3.6298576639977194
0.41000000000000003	3.6214976661404235
0.42000000000000004	3.611895796348436
0.43	3.601236682294601
0.44	3.589773160282923
0.45	3.577802293431751
0.46	3.5656400341241947
0.47	3.553596867332432
0.48	3.5419564939192703
0.49	3.5309591434073457
0.5	3.5207905093284224
0.51	3.5115766518308913
0.52	3.5033845857913786
0.53	3.4962277330413407
0.54	3.490075013784696
0.55	3.4848621151927595
0.56	3.480503415005879
0.5700000000000001	3.4769031465159
0.5800000000000001	3.4739646441431633
0.5900000000000001	3.471596868795632
0.6000000000000001	3.4697178333976693
0.61	3.4682549811845416
0.62	3.467142962889451
0.63	3.466319569690616
0.64	3.4657207730947306
0.65	3.4652758817620763
0.66	3.464903746786347
0.67	3.4645107469332235
0.68	3.4639909951609296
0.6900000000000001	3.463228869736067
0.7	3.46210363444639
0.71	3.4604956175110444
0.72	3.4582932038064724
0.73	3.4553997827035254
0.74	3.4517397916277286
0.75	3.447263096399185
0.76	3.4419471350350337
0.77	3.4357964964884338
0.78	3.428839881684259
0.79	3.4211246742041985
0.8	3.412709608278814
0.81	3.403656242345376
0.8200000000000001	3.394020110573595
0.8300000000000001	3.383842518210018
0.8400000000000001	3.373143957430453
0.85	3.3619200399555753
0.86	3.350140667635486
0.87	3.337752897220004
0.88	3.3246876156923735
0.89	3.3108697544154477
0.9	3.2962313708533957
0.91	3.2807265595381554
0.92	3.2643468641863405
0.9299999999999999	3.247135689839694
0.94	3.229200185023384
0.95	3.2107191898646734
0.96	3.191946118765627
0.97	3.173206039753497
0.98	3.154886687466721
0.99	3.1374236554106343
1.	3.1212805067997498
1.01	3.106924977649326
1.02	3.0948027851990516
1.03	3.0853107746611714
1.04	3.0787712244806604
1.05	3.075409082063513
1.06	3.0753337246385293
1.07	3.078526547738476
1.08	3.08483529784198
1.0899999999999999	3.093975613532957
1.1	3.1055397543431384
1.1099999999999999	3.1190120157365735
1.1199999999999999	3.1337898916200357
1.13	3.149209689286577
1.14	3.1645750560087182
1.15	3.1791867604907202
1.16	3.19237209034256
1.17	3.2035123671302217
1.18	3.2120673175950394
1.19	3.2175953374448496
1.2	3.2197690028447297
1.21	3.2183854873396376
1.22	3.213371800256774
1.23	3.2047849613787642
1.24	3.1928073646475683
1.25	3.177737671975608
1.26	3.15997763622559
1.27	3.1400153021566704
1.28	3.118405095004987
1.29	3.0957453907376697
1.3	3.0726542727909143
1.31	3.0497443104030877
1.32	3.0275973283453355
1.33	3.0067402562895076
1.34	2.987623225336179
1.35	2.9706010973855896
1.36	2.955919551797329
1.37	2.9437067008573825
1.3800000000000001	2.9339709565283463
1.3900000000000001	2.926605530832962
1.4	2.921399536705807
1.4100000000000001	2.9180551921203075
1.42	2.9162101551587165
1.43	2.9154635770288015
1.44	2.9154041033188705
1.45	2.9156378282897446
1.46	2.91581415057457
1.47	2.9156476126465947
1.48	2.914934130151729
1.49	2.9135605054940896
1.5	2.9115067246112503
1.51	2.9088411908167373
1.52	2.9057096804457183
1.53	2.902319339569466
1.54	2.8989194199738133
1.55	2.895780638224071
1.56	2.8931750226767345
1.57	2.8913579051741474
1.58	2.8905533549275444
1.59	2.8909438950547584
1.6	2.8926648469103156
1.61	2.8958031706502245
1.62	2.9004002597102723
1.6300000000000001	2.906457835415489
1.6400000000000001	2.9139458938896357
1.6500000000000001	2.9228115847286658
1.6600000000000001	2.932987941964586
1.6700000000000002	2.944401526705086
1.6800000000000002	2.956978255973197
1.6900000000000002	2.970646958731538
1.7000000000000002	2.9853404909160943
1.7100000000000002	3.0009945287953057
1.7200000000000002	3.017544416989153
1.73	3.034920649465348
1.7400000000000002	3.053043689253801
1.75	3.071818873652674
1.76	3.0911321043456117
1.77	3.1108468949228056
1.78	3.130803160660489
1.79	3.1508179134466303
1.8	3.170687798361051
1.81	3.1901932064698197
1.82	3.2091035443611613
1.83	3.227183149910302
1.84	3.244197321121142
1.85	3.25991796699979
1.86	3.274128485610236
1.87	3.2866276098379394
1.8800000000000001	3.297232119410574
1.8900000000000001	3.305778482079211
1.9000000000000001	3.312123642254846
1.9100000000000001	3.316145307506571
1.92	3.3177421784748438
1.93	3.316834612907954
1.94	3.3133661982475267
1.95	3.307306621590194
1.96	3.2986560693370146
1.97	3.287451168775351
1.98	3.273772218245585
1.99	3.25775116994547
2.	3.2395795663124165
2.01	3.2195154270262494
2.02	3.197887975723652
2.03	3.1750991107494055
2.04	3.1516206750703257
2.05	3.127986861315664
2.06	3.104781475339926
2.07	3.0826202373707896
2.08	3.062128775850365
2.09	3.043917414750007
2.1	3.028554223371626
2.11	3.0165380503913797
2.12	3.008273375587315
2.13	3.004048771646392
2.14	3.0040205766155172
2.15	3.0082030491908416
2.16	3.0164658389173242
2.17	3.028539085079048
2.1799999999999997	3.0440259022381992
2.19	3.0624214627212583
2.2	3.0831373948831837
2.21	3.1055298272502547
2.2199999999999998	3.1289291628213256
2.23	3.152669593178477
2.24	3.1761164698510136
2.25	3.1986899311706303
2.2600000000000002	3.2198836056937967
2.27	3.2392777282530387
2.2800000000000002	3.2565465490805017
2.29	3.2714604234422273
2.3000000000000003	3.283883378087858
2.31	3.2937672162930793
2.3200000000000003	3.3011433225286675
2.33	3.3061132635409765
2.3400000000000003	3.3088390817877347
2.35	3.309533885393232
2.3600000000000003	3.308453012115569
2.37	3.3058857400947894
2.3800000000000003	3.302147284026076
2.39	3.297570685494991
2.4000000000000004	3.2924981953206913
2.41	3.2872718493853714
2.4200000000000004	3.2822231361703
2.43	3.27766191012931
2.4400000000000004	3.2738649790191543
2.45	3.2710650426245325
2.4600000000000004	3.2694408455513493
2.47	3.2691094960210263
2.4800000000000004	3.270121874822909
2.49	3.2724619059590725
2.5	3.2760501899239993
2.5100000000000002	3.280752133823887
2.5200000000000005	3.2863902851555484
2.5300000000000002	3.292760134192739
2.54	3.2996482455230747
2.5500000000000003	3.306851263800203
2.56	3.3141941561433805
2.57	3.3215460336263476
2.58	3.3288320476573494
2.59	3.3360401731079254
2.6	3.343222137832325
2.61	3.3504882906409064
2.62	3.357996760349188
2.63	3.365937789097826
2.64	3.374514571528309
2.65	3.3839222571119993
2.66	3.3943269504809663
2.67	3.4058465640826627
2.68	3.4185352428379963
2.69	3.432372806619952
2.7	3.447260265956091
2.71	3.463021987419909
2.72	3.479414549796643
2.73	3.496141776089751
2.74	3.512874889259318
2.75	3.5292762637621085
2.7600000000000002	3.5450248739787034
2.77	3.5598413151466852
2.7800000000000002	3.57351022503354
2.79	3.585898083925512
2.8	3.5969647161488507
2.81	3.6067673358379695
2.8200000000000003	3.615456628765628
2.83	3.6232650785445095
2.84	3.630488456313453
2.85	3.6374620233888786
2.86	3.6445334796264666
2.87	3.652034976367769
2.88	3.660256574403271
2.8899999999999997	3.6694233621060897
2.9	3.67967807868203
2.9099999999999997	3.6910705545580926
2.92	3.7035546418796046
2.9299999999999997	3.7169926271906943
2.94	3.7311664609904867
2.9499999999999997	3.7457945655915337
2.96	3.7605525446015937
2.9699999999999998	3.7750958520358706
2.98	3.7890824078906307
2.9899999999999998	3.8021932729569183
3.	3.8141498024617344
3.01	3.824726150810789
3.02	3.8337565470949224
3.03	3.8411373404397713
3.04	3.8468243583964488
3.05	3.8508265666855612
3.06	3.8531973132868487
3.07	3.854024552471387
3.08	3.8534213680103475
3.09	3.8515178686258094
3.1	3.848455155162175
3.11	3.8443816170161624
3.12	3.839451371627318
3.13	3.8338242792222834
3.1399999999999997	3.827666697505963
3.15	3.8211520207769016
3.16	3.814460085859454
3.17	3.8077747119864576
3.1799999999999997	3.801278943148929
3.19	3.79514793590927
3.2	3.789539832804926
3.21	3.7845853302796226
3.22	3.7803769445791175
3.23	3.7769591624712273
3.24	3.7743207115122672
3.25	3.7723900865788873
3.2600000000000002	3.7710352304586574
3.27	3.7700679066658322
3.2800000000000002	3.7692528567715
3.29	3.7683213485281746
3.3000000000000003	3.766988248490807
3.31	3.764971348853762
3.3200000000000003	3.7620113926416168
3.33	3.757891111582343
3.3400000000000003	3.7524516359217635
3.35	3.7456048521024323
3.3600000000000003	3.7373406474440447
3.37	3.7277284468109655
3.3800000000000003	3.7169129587784377
3.39	3.705104548685178
3.4000000000000004	3.6925650895357673
3.41	3.6795904685592635
3.4200000000000004	3.666491124805192
3.43	3.6535720578287396
3.4400000000000004	3.6411136919955034
3.45	3.6293548291399187
3.46	3.618478703038462
3.47	3.6086028902469724
3.4800000000000004	3.5997735560876976
3.49	3.591964238091859
3.5	3.585079102258387
3.5100000000000002	3.5789603569038295
3.52	3.5733992809927315
3.53	3.5681501267774385
3.54	3.5629460010155096
3.55	3.557515727098851
3.56	3.551600653201578
3.57	3.5449704058487432
3.58	3.537436693942966
3.59	3.5288644365925705
3.6	3.5191797023461886
3.61	3.508374185090195
3.62	3.4965061780502324
3.63	3.4836982188760803
3.64	3.4701317476625313
3.65	3.45603923539849
3.66	3.441694300342828
3.67	3.4274003392359487
3.68	3.4134781697818815
3.69	3.400253124638832
3.7	3.3880419706872065
3.71	3.3771399655598837
3.72	3.367808319352172
3.73	3.36026231301529
3.74	3.354660341789917
3.75	3.351094202166828
3.76	3.3495810174497764
3.77	3.350057285651663
3.7800000000000002	3.3523756126341837
3.79	3.356304736325427
3.8	3.3615334263489287
3.81	3.367678733164671
3.82	3.3742988474173474
3.83	3.3809105143828155
3.84	3.3870105495721807
3.8499999999999996	3.3921005578351267
3.86	3.395713523036335
3.8699999999999997	3.3974405699636945
3.88	3.3969559644537908
3.8899999999999997	3.39403835987888
3.9	3.388586445430379
3.9099999999999997	3.3806275047288397
3.92	3.3703179247663533
3.9299999999999997	3.357935352725338
3.94	3.3438629118650773
3.9499999999999997	3.3285665797034336
3.96	3.3125674272993657
3.9699999999999998	3.296410855146596
3.98	3.2806351960966973
3.9899999999999998	3.2657420691897974
4.	3.252170664365888
4.01	3.240277742281464
4.02	3.230324588638068
4.03	3.2224715233901327
4.04	3.2167798934424705
4.05	3.2132208357717165
4.06	3.211689545314308
4.07	3.2120233687534485
4.08	3.214021808493656
4.09	3.2174664802727895
4.1	3.222139222446799
4.109999999999999	3.2278368831780284
4.12	3.2343817720197894
4.13	3.241627297819055
4.14	3.2494588601717562
4.1499999999999995	3.2577905519768313
4.16	3.266558610613602
4.17	3.2757127870592613
4.18	3.2852068706446134
4.19	3.2949895208298536
4.2	3.3049963462738345
4.21	3.3151438803780544
4.22	3.3253257826773783
4.23	3.3354112957377477
4.24	3.3452457463685383
4.25	3.354652721696742
4.26	3.3634374820368507
4.2700000000000005	3.3713911854023033
4.28	3.3782955735772378
4.29	3.3839278813934244
4.3	3.3880658527187086
4.3100000000000005	3.3904928552029814
4.32	3.39100316329597
4.33	3.3894075144638096
4.34	3.3855390326516805
4.3500000000000005	3.3792595576895375
4.36	3.3704663265812704
4.37	3.35909883398018
4.38	3.3451455698537798
4.390000000000001	3.328650210249952
4.4	3.3097167411577906
4.41	3.2885129435380485
4.42	3.265271673682477
4.43	3.240289444643781
4.44	3.2139219505532246
4.45	3.1865763660352457
4.46	3.158700479385823
4.47	3.1307689571113353
4.4799999999999995	3.1032672638560816
4.489999999999999	3.0766739535012277
4.5	3.051442188362288
4.51	3.027981426038908
4.52	3.0066402374561827
4.529999999999999	2.9876911904938517
4.54	2.9713186591966574
4.55	2.957610305809809
4.56	2.946552835492636
4.569999999999999	2.9380324417124424
4.58	2.9318401424031393
4.59	2.9276819529966502
4.6	2.9251935578993464
4.609999999999999	2.92395884100037
4.62	2.9235313420847766
4.63	2.923457451142335
4.64	2.9232999713635355
4.6499999999999995	2.922660605719905
4.66	2.9211999728619498
4.67	2.9186539410744414
4.68	2.9148453706463586
4.6899999999999995	2.9096907432847505
4.7	2.9032015861175866
4.71	2.8954810145577055
4.72	2.8867160718437437
4.7299999999999995	2.877166792607791
4.74	2.8671530389980777
4.75	2.857040146088347
4.76	2.8472242833170798
4.77	2.8381182212760105
4.78	2.8301379293317854
4.79	2.823690163931901
4.8	2.8191609817059993
4.8100000000000005	2.8169049590066693
4.82	2.8172348416231
4.83	2.820411392194073
4.84	2.8266333409346878
4.8500000000000005	2.836027556649004
4.86	2.8486398071663146
4.87	2.8644267306996465
4.88	2.8832498478168347
4.890000000000001	2.9048725649959026
4.9	2.9289611199732635
4.91	2.955090274734891
4.92	2.9827542710189903
4.930000000000001	3.011383143998926
4.94	3.040363982115733
4.95	3.069066182217195
4.96	3.096869247298024
4.970000000000001	3.123191278445749
4.98	3.1475160829860878
4.99	3.169416798279399
5.	3.188574130278048
5.010000000000001	3.2047877141791328
5.0200000000000005	3.2179796805174563
5.03	3.2281901917632534
5.04	3.235565427397786
5.050000000000001	3.240339162815382
5.0600000000000005	3.24280964005116
5.07	3.2433138124084504
5.08	3.2422012269141653
5.09	3.239809776479675
5.1	3.2364453170125778
5.109999999999999	3.2323667309394626
5.12	3.227777469323663
5.13	3.222823971648629
5.14	3.2176007029097127
5.1499999999999995	3.2121609212179996
5.16	3.2065317525825607
5.17	3.200731752976175
5.18	3.194788919773269
5.1899999999999995	3.188757097783297
5.2	3.1827289124816507
5.21	3.1768437365243347
5.22	3.171289716678236
5.2299999999999995	3.1662995016910562
5.24	3.1621399518947055
5.25	3.159096710928927
5.26	3.1574550178916727
5.27	3.1574784875381288
5.28	3.159387759111118
5.29	3.1633409042926077
5.3	3.1694173045387206
5.31	3.177606386143709
5.32	3.1878021761296447
5.33	3.199804155988621
5.34	3.213324385327495
5.35	3.2280003818035383
5.359999999999999	3.243412810611538
5.37	3.259106684272907
5.38	3.274614524823023
5.39	3.2894798139168087
5.4	3.3032790639207503
5.41	3.3156409884875946
5.42	3.326261527314517
5.430000000000001	3.3349138667543006
5.44	3.341453062238291
5.45	3.345815364977967
5.46	3.3480128316881865
5.470000000000001	3.348124198746514
5.48	3.346283284449288
5.49	3.3426663117548845
5.5	3.3374795051425803
5.510000000000001	3.3309481166774457
5.5200000000000005	3.3233077066420367
5.53	3.3147980886575974
5.54	3.305659904028187
5.550000000000001	3.2961333739309353
5.5600000000000005	3.2864584450787095
5.57	3.276875337305862
5.58	3.2676244467833624
5.590000000000001	3.2589446640769575
5.6000000000000005	3.25106942046155
5.61	3.2442201490795872
5.62	3.238597294698591
5.630000000000001	3.2343694710053734
5.640000000000001	3.231661786227512
5.65	3.23054467632913
5.66	3.231024748711163
5.67	3.2330391129070595
5.680000000000001	3.236454445249326
5.69	3.241071615443632
5.7	3.2466361352660176
5.71	3.2528540379775563
5.72	3.25941214275831
5.7299999999999995	3.266001088254564
5.74	3.2723391127505046
5.75	3.278194375443826
5.76	3.2834036842753056
5.77	3.287885816455935
5.78	3.2916481495081125
5.79	3.294785996074619
5.8	3.297474769768316
5.81	3.2999558118156957
5.82	3.3025172974057964
5.83	3.3054720540051883
5.84	3.3091343254016774
5.85	3.313797497650433
5.86	3.319714585751693
5.87	3.3270829030031397
5.88	3.3360338518819628
5.89	3.3466282444060296
5.9	3.3588570375239386
5.91	3.372646904048376
5.92	3.387869690014138
5.93	3.4043545606212104
5.94	3.421901521628933
5.95	3.4402950210523717
5.96	3.459316475210314
5.97	3.4787548009731957
5.98	3.498414341283633
5.99	3.5181199068648352
6.	3.537718984962031
6.01	3.557081450152774
6.0200000000000005	3.5760973242141785
6.03	3.594673254172412
6.04	3.612728405501189
6.050000000000001	3.6301904094632764
6.0600000000000005	3.646991878927845
6.07	3.6630678413545237
6.08	3.6783542583199793
6.090000000000001	3.692787632238323
6.1000000000000005	3.7063055606066224
6.11	3.7188479961208922
6.12	3.7303589100195724
6.130000000000001	3.740788033553824
6.140000000000001	3.750092363746262
6.15	3.7582371599499296
6.16	3.765196223865209
6.170000000000001	3.7709513455087116
6.180000000000001	3.775490908502383
6.19	3.778807774633746
6.2	3.7808966998910245
6.210000000000001	3.7817516568261818
6.220000000000001	3.7813635317073455
6.23	3.779718708991695
6.24	3.776799032800727
6.250000000000001	3.772583535582481
6.260000000000001	3.7670521493345044
6.2700000000000005	3.7601913786606342
6.28	3.752001643202443
6.290000000000001	3.7425057236441237
6.300000000000001	3.731757507806303
6.3100000000000005	3.7198500661806815
6.32	3.706922016795547
6.33	3.69316118337931
6.34	3.678804711008717
6.35	3.6641350693541845
6.36	3.64947172343562
6.37	3.6351586548622645
6.38	3.6215483362167515
6.39	3.6089831579501404
6.4	3.597775640720327
6.41	3.5881889989791222
6.42	3.5804197217747946
6.43	3.574583781569757
6.44	3.5707078620264223
6.45	3.568726618639312
6.46	3.56848647829094
6.47	3.5697558906182874
6.48	3.5722413264589363
6.49	3.575607746687994
6.5	3.5795018085202743
6.51	3.5835757955057423
6.5200000000000005	3.587510191398774
6.53	3.591032978830885
6.54	3.5939341127145417
6.55	3.5960741485882144
6.5600000000000005	3.5973866290788257
6.57	3.5978744677250263
6.58	3.597601140201847
6.59	3.5966779331438232
6.6	3.595248766840852
6.61	3.5934741835482824
6.62	3.591515988395236
6.63	3.5895237781330174
6.640000000000001	3.5876242429892127
6.65	3.5859137340837774
6.66	3.584454206788556
6.670000000000001	3.583272323564846
6.680000000000001	3.5823612590963823
6.69	3.5816846109131717
6.7	3.5811817797287064
6.710000000000001	3.580774231379964
6.720000000000001	3.5803721624694402
6.73	3.5798812344026327
6.74	3.579209183553688
6.750000000000001	3.5782722296017617
6.760000000000001	3.57700126727341
6.7700000000000005	3.575347826715226
6.78	3.573289725021639
6.790000000000001	3.5708362196998675
6.800000000000001	3.5680323393727225
6.8100000000000005	3.5649619408218634
6.82	3.561748959750555
6.830000000000001	3.558556315876966
6.840000000000001	3.555582020562568
6.8500000000000005	3.5530522204139303
6.86	3.5512111784262417
6.870000000000001	3.550308513786619
6.880000000000001	3.5505843491737705
6.890000000000001	3.552253302646001
6.9	3.55548846648609
6.91	3.5604066060348476
6.920000000000001	3.5670557732493995
6.930000000000001	3.5754063673283323
6.94	3.5853464105399313
6.95	3.596681476070702
6.96	3.609139346680442
6.97	3.622379137150277
6.98	3.636004311776144
6.99	3.6495787918808467
7.	3.6626451877243777
7.01	3.6747441051465444
7.0200000000000005	3.685433464348283
7.03	3.6943068178616487
7.04	3.701009758031058
7.05	3.7052536526277127
7.0600000000000005	3.7068261322440437
7.07	3.7055979653464948
7.08	3.701526184389577
7.09	3.6946535541627545
7.1000000000000005	3.6851046841021122
7.11	3.673079261719675
7.12	3.658843009002549
7.13	3.64271702734586
7.140000000000001	3.6250661964903443
7.15	3.606287234392285
7.16	3.586796920519942
7.17	3.567020852146719
7.180000000000001	3.5473829608308716
7.19	3.528295882063943
7.2	3.510152159003538
7.21	3.4933161806037454
7.220000000000001	3.4781167103298856
7.23	3.464839855685602
7.24	3.4537223606145506
7.25	3.444945170683334
7.26	3.4386273211227083
7.27	3.434820323784012
7.279999999999999	3.433503369674189
7.29	3.4345798021506586
7.3	3.4378754297844645
7.31	3.443139311520401
7.319999999999999	3.4500476347510842
7.33	3.458211199598791
7.34	3.467186811579524
7.35	3.4764925767388015
7.359999999999999	3.4856267126046827
7.37	3.4940890750743283
7.38	3.5014042073309404
7.39	3.5071443978851393
7.3999999999999995	3.5109510422748462
7.41	3.5125525754948788
7.42	3.511777399219892
7.43	3.5085605657961025
7.4399999999999995	3.5029434732141786
7.45	3.4950664252947217
7.46	3.485154558381174
7.47	3.4734982621106187
7.4799999999999995	3.46042976009277
7.49	3.4462979070536015
7.5	3.431443456418105
7.51	3.416177029089572
7.52	3.4007617645001655
7.529999999999999	3.3854021760914907
7.54	3.3702401050896467
7.55	3.3553579289152378
7.56	3.340788409435903
7.57	3.326529845520492
7.58	3.312564607201228
7.59	3.298878747271367
7.6000000000000005	3.285480261188945
7.61	3.2724137191080462
7.62	3.259769411889483
7.63	3.247685789133837
7.640000000000001	3.236344745858417
7.65	3.22596014075737
7.66	3.21676070268796
7.67	3.2089691112397984
7.680000000000001	3.20277945119793
7.69	3.1983353989053516
7.7	3.19571139458673
7.71	3.1948987149287773
7.720000000000001	3.1957978372053306
7.73	3.198217849285058
7.74	3.201882984172902
7.75	3.2064457142874234
7.760000000000001	3.2115052886641786
7.7700000000000005	3.2166301783527427
7.78	3.2213826362826827
7.79	3.225343485784985
7.800000000000001	3.2281353204041814
7.8100000000000005	3.229442509005323
7.82	3.2290267282326495
7.83	3.2267371566838903
7.84	3.2225149248526392
7.8500000000000005	3.2163918826888
7.86	3.208484183112799
7.87	3.198981548420271
7.88	3.188133356795506
7.89	3.1762328372252835
7.8999999999999995	3.1636006840260014
7.91	3.150569301397658
7.92	3.1374686809126424
7.93	3.124614628139979
7.9399999999999995	3.112299722953929
7.95	3.1007870583306754
7.96	3.090306489966401
7.97	3.081052874420516
7.9799999999999995	3.0731856003857243
7.99	3.066828641607971
8.	3.062070387993663
8.01	3.058962641837123
8.02	3.057518388126634
8.03	3.0577082417014045
8.04	3.0594558102532057
8.05	3.0626325530845833
8.06	3.067053017222541
8.07	3.0724715489400047
8.08	3.0785816679763816
8.09	3.0850192226724884
8.1	3.0913702034303743
8.11	3.097183688889447
8.12	3.1019898681481517
8.129999999999999	3.105322480255879
8.14	3.106744412186252
8.15	3.105874678411759
8.16	3.1024146434704507
8.17	3.096171201407878
8.18	3.087074724423922
8.19	3.0751899381039083
8.2	3.0607184409532167
8.209999999999999	3.043992303114774
8.219999999999999	3.025458975210905
8.229999999999999	3.005658526611976
8.24	2.985194928422655
8.25	2.964703627400765
8.26	2.944817969390896
8.27	2.926137095250236
8.28	2.9091977450078677
8.29	2.8944519885252804
8.299999999999999	2.882252297056241
8.309999999999999	2.8728446416859947
8.32	2.8663695260990996
8.33	2.8628701124786873
8.34	2.862305958971034
8.35	2.864570422885174
8.36	2.8695095458030533
8.37	2.8769402497578658
8.379999999999999	2.8866659333860176
8.389999999999999	2.898488028685768
8.4	2.9122127012887002
8.41	2.9276525690242146
8.42	2.9446239855363294
8.43	2.962941002316013
8.44	2.9824075144432287
8.45	3.002809269017702
8.459999999999999	3.023907358907553
8.469999999999999	3.0454345575626407
8.479999999999999	3.0670954206022523
8.49	3.088570552235496
8.5	3.1095248831586657
8.51	3.1296193019692558
8.52	3.1485245826573465
8.53	3.165936296059333
8.54	3.1815893014541334
8.55	3.1952704831669285
8.56	3.20682860590298
8.57	3.216180478312142
8.58	3.223312996203399
8.59	3.2282810410024734
8.6	3.231201593368403
8.61	3.2322447488637067
8.62	3.2316225626221238
8.63	3.229576783322459
8.64	3.226366555205855
8.65	3.222257074366274
8.66	3.2175099978957302
8.67	3.2123761474131673
8.68	3.2070907545972314
8.69	3.20187120044079
8.7	3.1969169346490736
8.71	3.1924110527887724
8.72	3.1885228728634027
8.73	3.185410795658334
8.74	3.183224750815368
8.75	3.1821076126695695
8.76	3.18219510278589
8.77	3.1836138662965325
8.78	3.186477605044262
8.79	3.190881362977708
8.8	3.1968942797447033
8.81	3.204551346725261
8.82	3.213844901194877
8.83	3.224716758655636
8.84	3.237051985750232
8.85	3.250675330343962
8.860000000000001	3.2653512293870284
8.870000000000001	3.2807880974261328
8.88	3.296647263421926
8.89	3.3125564942112176
8.9	3.3281275611987144
8.91	3.34297682865373
8.92	3.3567474294254254
8.93	3.369131305736105
8.940000000000001	3.379889274482256
8.950000000000001	3.3888673524539397
8.96	3.3960078459717495
8.97	3.40135414467952
8.98	3.405048712143521
8.99	3.40732437364115
9.	3.4084895959185615
9.01	3.408908970506449
9.020000000000001	3.408980498839524
9.030000000000001	3.409111498503649
9.040000000000001	3.4096949899431603
9.05	3.411088286426437
9.06	3.4135952196040176
9.07	3.4174530258410636
9.08	3.422824442007612
9.09	3.4297950661320042
9.1	3.438375580597068
9.110000000000001	3.4485080601897504
9.120000000000001	3.4600753303567062
9.13	3.472912223486726
9.14	3.486817605905088
9.15	3.50156619976929
9.16	3.516919469532575
9.170000000000002	3.5326351372493785
9.180000000000001	3.54847518454973
9.190000000000001	3.5642124444393977
9.200000000000001	3.5796360468547466
9.21	3.5945560389693343
9.22	3.608807455669839
9.23	3.6222539879468774
9.24	3.634791222758215
9.250000000000002	3.646349250522818
9.260000000000002	3.6568942981682815
9.270000000000001	3.6664289799368612
9.280000000000001	3.6749907833620585
9.290000000000001	3.6826485245427936
9.3	3.68949669880344
9.31	3.695647890700874
9.32	3.701223654681325
9.330000000000002	3.7063444973764312
9.340000000000002	3.7111197525865043
9.350000000000001	3.715638217672714
9.360000000000001	3.7199604039031766
9.370000000000001	3.72411314333375
9.38	3.728087101494402
9.39	3.731837487239439
9.4	3.7352879538444297
9.41	3.738337378122155
9.420000000000002	3.740868918457576
9.43	3.742760519271691
9.44	3.7438958763442964
9.45	3.7441748256861924
9.459999999999999	3.7435221791422864
9.469999999999999	3.7418942003702855
9.48	3.739282178458403
9.49	3.7357128826327557
9.5	3.7312460292138976
9.51	3.7259692154545867
9.52	3.7199910307609088
9.53	3.7134332104965058
9.54	3.7064227330368604
9.549999999999999	3.699084677720835
9.56	3.691536478825875
9.57	3.683883962112291
9.58	3.6762192771552207
9.59	3.668620582089359
9.6	3.661153131943448
9.61	3.6538712896987557
9.62	3.646820928284173
9.629999999999999	3.640041716332339
9.64	3.6335688650079856
9.65	3.627434036900968
9.66	3.621665260027415
9.67	3.61628583296191
9.68	3.6113123389564463
9.69	3.6067520003471225
9.7	3.602599695813689
9.709999999999999	3.598835029364521
9.719999999999999	3.5954198777252717
9.73	3.592296847312939
9.74	3.589389037582573
9.75	3.5866014299655733
9.76	3.5838241001033713
9.77	3.580937290402889
9.78	3.577818191417902
9.790000000000001	3.574349081451471
9.8	3.5704262855182702
9.81	3.56596926010218
9.82	3.5609290097691115
9.83	3.555295011862963
9.84	3.5490998757285914
9.85	3.542421095079917
9.86	3.535379460437875
9.870000000000001	3.528133969730241
9.88	3.52087338932464
9.89	3.51380494898574
9.9	3.507140971858027
9.91	3.5010845105336483
9.92	3.4958152479081948
9.93	3.4914769955115847
9.94	3.4881680586542667
9.950000000000001	3.485935526792502
9.96	3.4847741960483836
9.97	3.484630366119974
9.98	3.4854102225972112
9.99	3.4869919800489635
10.	3.4892404908381485
10.01	3.4920226865692827
10.02	3.495222066954368
10.03	3.4987505151329668
10.040000000000001	3.5025560001701255
10.05	3.506625196601696
10.06	3.510980650360173
10.07	3.5156727739660614
10.08	3.5207675778379355
10.09	3.526331560088754
10.100000000000001	3.5324155214679873
10.110000000000001	3.5390392064499676
10.120000000000001	3.5461785852038936
10.13	3.553757301051716
10.14	3.561643353942907
10.15	3.5696515286951596
10.16	3.5775514719352746
10.17	3.585080739064999
10.180000000000001	3.591961631521226
10.190000000000001	3.597920273308861
10.200000000000001	3.6027061678918795
10.21	3.6061104488435793
10.22	3.6079811893690756
10.23	3.6082344483099176
10.24	3.6068601689801665
10.25	3.6039225640821284
10.260000000000002	3.5995551584521985
10.270000000000001	3.593951162073667
10.280000000000001	3.5873502537594026
10.290000000000001	3.580023127710612
10.3	3.5722552647782457
10.31	3.564331332802009
10.32	3.556521412642994
10.33	3.549069923939589
10.34	3.542187735593727
10.350000000000001	3.5360475441513124
10.36	3.5307822391741994
10.37	3.526485689140946
10.379999999999999	3.523215200387842
10.389999999999999	3.5209948348426003
10.399999999999999	3.5198188142984805
10.41	3.5196543723322726
10.42	3.5204436147589746
10.43	3.5221041876329875
10.44	3.5245288003765904
10.45	3.5275838851521524
10.459999999999999	3.531107869899477
10.469999999999999	3.5349096829477906
10.479999999999999	3.5387681770170203
10.49	3.542433149517993
10.5	3.5456285399886145
10.51	3.5480582074639253
10.52	3.549414442746954
10.53	3.5493890745814705
10.54	3.547686714523419
10.549999999999999	3.5440393882827412
10.559999999999999	3.538221557762633
10.57	3.530064380275482
10.58	3.5194680027398455
10.59	3.506410759892079
10.6	3.4909543335513047
10.61	3.473244218311957
10.62	3.453505200777721
10.629999999999999	3.432031960833143
10.639999999999999	3.4091753082365406
10.649999999999999	3.3853249406007198
10.66	3.3608899178217975
10.67	3.336278266362269
10.68	3.3118772335341244
10.69	3.2880356927180507
10.7	3.2650500487760863
10.709999999999999	3.2431547118975272
10.72	3.222517812582998
10.73	3.20324234863084
10.74	3.185372428624346
10.75	3.168903758739107
10.76	3.153797070496977
10.77	3.1399928652646194
10.78	3.127425705830105
10.79	3.116036346494478
10.8	3.1057802651963615
10.81	3.0966316195692287
10.82	3.0885822411493793
10.83	3.081635934411132
10.84	3.0757989749355508
10.85	3.0710682201286224
10.86	3.067418586640476
10.87	3.064791765218826
10.88	3.0630879209521824
10.89	3.0621617815238826
10.9	3.061823993844433
10.91	3.061847997457971
10.92	3.0619820004377454
10.93	3.0619650304851107
10.94	3.061545542359918
10.95	3.0605007479130903
10.959999999999999	3.058654730086153
10.97	3.055893515873473
10.98	3.052175599176695
10.99	3.0475368840920636
11.	3.0420896058076115
11.01	3.036015411542179
11.02	3.0295533751843347
11.030000000000001	3.022984208032603
11.040000000000001	3.016612258307913
11.05	3.0107470277805706
11.06	3.0056858637035178
11.07	3.0016992238839415
11.08	2.9990195027625077
11.09	2.997833906511657
11.1	2.998281345587726
11.110000000000001	3.0004528437524813
11.120000000000001	3.0043946026824004
11.13	3.010112651153487
11.14	3.017577963743755
11.15	3.0267310476307316
11.16	3.037485237803905
11.17	3.0497282667157863
11.18	3.0633220336174625
11.190000000000001	3.0781008429592784
11.200000000000001	3.0938686699189466
11.21	3.1103962160747054
11.22	3.1274186242487088
11.23	3.1446347251611053
11.24	3.1617085954552158
11.25	3.1782740288965132
11.26	3.1939422762345586
11.27	3.208313113575234
11.280000000000001	3.2209889761460113
11.290000000000001	3.2315915690252477
11.3	3.2397800664134
11.31	3.245269765302731
11.32	3.2478498954729753
11.33	3.2473992283956905
11.340000000000002	3.243898186493735
11.350000000000001	3.2374363332708684
11.360000000000001	3.228214412385893
11.370000000000001	3.2165404754777915
11.38	3.2028200602884436
11.39	3.1875408130011955
11.4	3.1712523523907854
11.41	3.1545425139512213
11.420000000000002	3.1380113635978457
11.430000000000001	3.1222445168132342
11.440000000000001	3.1077873340897626
11.450000000000001	3.095121489395506
11.46	3.084645233879353
11.47	3.0766584154752
11.48	3.0713529838676097
11.49	3.0688093304516304
11.500000000000002	3.06899840973448
11.510000000000002	3.071789191341228
11.520000000000001	3.0769606327518195
11.530000000000001	3.084217075001106
11.540000000000001	3.093205776314742
11.55	3.103535233309176
11.56	3.1147930047234693
11.57	3.126561941596004
11.58	3.138434016931023
11.590000000000002	3.150021299735121
11.6	3.1609639864383254
11.61	3.1709357385111
11.62	3.1796468358852703
11.629999999999999	3.1868458108205315
11.639999999999999	3.1923202623839844
11.65	3.1958974720369646
11.66	3.1974452669939613
11.67	3.1968733433515117
11.68	3.194135005585732
11.69	3.189229043396419
11.7	3.182201286553183
11.709999999999999	3.1731452797440176
11.719999999999999	3.162201517012322
11.73	3.1495547711704623
11.74	3.1354292370678944
11.75	3.1200814571595763
11.76	3.1037912826856244
11.77	3.086851406871858
11.78	3.069556248233071
11.79	3.052191124420911
11.799999999999999	3.035022709514096
11.81	3.0182916916516476
11.82	3.002208341858744
11.83	2.9869513862380748
11.84	2.972670178777869
11.85	2.959489752335429
11.86	2.9475179405282166
11.87	2.936853472020319
11.879999999999999	2.927593788596199
11.889999999999999	2.9198413575020226
11.9	2.913707439373831
11.91	2.909312611629961
11.92	2.9067837862759793
11.93	2.906247938044813
11.94	2.907823206047186
11.95	2.9116083880768278
11.96	2.917672065443056
11.97	2.9260426537418063
11.98	2.936700571340733
11.99	2.9495734745590427
12.	2.964535165060034
12.01	2.9814083783947973
12.02	2.999971262054351
12.03	3.0199669908332263
12.040000000000001	3.0411156814325997
12.05	3.063127579942219
12.06	3.085716416214753
12.07	3.1086118482990157
12.08	3.1315700488978395
12.09	3.154381697441659
12.1	3.176876912844821
12.11	3.198926965746286
12.120000000000001	3.2204429145980247
12.13	3.241371586548758
12.14	3.261689543543297
12.15	3.2813958142997057
12.16	3.300504220914146
12.17	3.319036083185949
12.18	3.3370139545152524
12.19	3.3544568510298296
12.2	3.3713772081203945
12.21	3.3877795662419525
12.22	3.40366077907606
12.23	3.4190113744048625
12.24	3.433817595401033
12.25	3.4480636125846527
12.26	3.461733421741277
12.270000000000001	3.4748120222860885
12.280000000000001	3.4872855924459127
12.290000000000001	3.4991405295756275
12.3	3.510361392932567
12.31	3.5209279589492355
12.32	3.5308117610322114
12.33	3.539972620895284
12.34	3.5483557689520477
12.350000000000001	3.5558901799206115
12.360000000000001	3.5624887024971525
12.370000000000001	3.5680504315108856
12.38	3.572465560631581
12.39	3.5756226792800225
12.4	3.5774181671906193
12.41	3.577767032028068
12.42	3.5766142720394116
12.430000000000001	3.573945667089891
12.440000000000001	3.5697968386403405
12.450000000000001	3.5642594886506527
12.46	3.5574839275905883
12.47	3.549677313566849
12.48	3.5410974141203297
12.49	3.5320421261737
12.5	3.5228354013915073
12.51	3.5138105803217075
12.520000000000001	3.5052924032610813
12.530000000000001	3.4975791138721735
12.540000000000001	3.49092609009379
12.55	3.485532324617153
12.56	3.4815308437300585
12.57	3.4789838178730044
12.580000000000002	3.477882707602845
12.590000000000002	3.47815333996016
12.600000000000001	3.479665363363641
12.610000000000001	3.4822451281764955
12.620000000000001	3.4856907283398404
12.63	3.4897877545008393
12.64	3.4943242770227774
12.65	3.499103707614448
12.660000000000002	3.5039544704796683
12.670000000000002	3.508735816492129
12.680000000000001	3.5133395877889413
12.690000000000001	3.517688224537881
12.700000000000001	3.521729736918558
12.71	3.525430686925739
12.72	3.528768395776008
12.73	3.5317235948302526
12.740000000000002	3.534274577362827
12.750000000000002	3.536393614397011
12.760000000000002	3.5380460171408963
12.770000000000001	3.539191818011065
12.780000000000001	3.5397896592398808
12.790000000000001	3.5398021727045013
12.8	3.539201943181491
12.81	3.5379770887806767
12.82	3.536135567624741
12.830000000000002	3.5337075134365867
12.84	3.530745185445678
12.85	3.527320452103586
12.86	3.523520070741149
12.87	3.51943933393059
12.879999999999999	3.51517488929018
12.89	3.5108176724283453
12.9	3.5064469038781665
12.91	3.5021259857935574
12.92	3.4979009042382954
12.93	3.4938014250085434
12.94	3.489845004643281
12.95	3.4860429716327657
12.959999999999999	3.4824082150156315
12.97	3.47896339248998
12.98	3.475748568831646
12.99	3.4728272316409834
13.	3.470289799299064
13.01	3.4682540114076517
13.02	3.46686193717763
13.03	3.4662737071109664
13.04	3.4666584233144118
13.05	3.4681829958579105
13.06	3.4709998602231806
13.07	3.4752346403861933
13.08	3.480974832038228
13.09	3.488260498473301
13.1	3.4970778110793406
13.11	3.5073560427395316
13.12	3.5189683518064765
13.129999999999999	3.5317363929375505
13.14	3.545438476514324
13.15	3.559820690832439
13.16	3.574610124828367
13.17	3.589529110738857
13.18	3.6043092733913578
13.19	3.618704149655332
13.200000000000001	3.632499242967645
13.21	3.6455186054793076
13.22	3.6576273795492513
13.23	3.6687301497672165
13.24	3.6787654117461406
13.25	3.6876969016928403
13.26	3.695502897972432
13.27	3.7021648562071343
13.280000000000001	3.707656840271948
13.290000000000001	3.7119371481158066
13.3	3.7149433085251067
13.31	3.716591265709416
13.32	3.716779110851418
13.33	3.7153952113557995
13.34	3.712330082177127
13.35	3.707490891651932
13.360000000000001	3.7008171442369537
13.370000000000001	3.692295873203427
13.38	3.681974634200797
13.39	3.6699707271247215
13.4	3.6564753830789134
13.41	3.641752111064506
13.42	3.6261289634826595
13.43	3.6099850932888833
13.44	3.593732572010325
13.450000000000001	3.5777949477781577
13.46	3.562584383306474
13.47	3.5484793788808506
13.48	3.5358050305371194
13.49	3.524817502546034
13.5	3.5156939371984066
13.510000000000002	3.5085284391303304
13.520000000000001	3.5033341274926597
13.530000000000001	3.5000506252822827
13.540000000000001	3.4985558244463366
13.55	3.4986803875734696
13.56	3.500223260440464
13.57	3.502966488390083
13.58	3.5066878425585988
13.590000000000002	3.511170137306581
13.600000000000001	3.5162066091068773
13.610000000000001	3.5216022710697006
13.620000000000001	3.527171694010475
13.63	3.5327341345896404
13.64	3.5381072814932217
13.65	3.5431010819900073
13.66	3.547513119748468
13.670000000000002	3.551126835908454
13.680000000000001	3.553713534925688
13.690000000000001	3.5550386313378457
13.700000000000001	3.5548720276811308
13.71	3.5530019345993913
13.72	3.5492509240666874
13.73	3.543492613570567
13.74	3.5356671672345206
13.75	3.525793800853161
13.760000000000002	3.513978695946901
13.77	3.5004171384130496
13.78	3.4853892501101047
13.79	3.4692493088332386
13.799999999999999	3.4524092780125732
13.809999999999999	3.435317720159313
13.82	3.4184356888189047
13.83	3.4022114444317277
13.84	3.3870559050997384
13.85	3.3733206313967745
13.86	3.36127988086974
13.87	3.3511178905709387
13.879999999999999	3.3429220981870693
13.889999999999999	3.336682537259365
13.9	3.3322971786874778
13.91	3.329582572126471
13.92	3.328288793288023
13.93	3.3281174464135708
13.94	3.328741318989505
13.95	3.3298242455156464
13.959999999999999	3.331039809116357
13.969999999999999	3.3320876862568842
13.98	3.332706704465647
13.99	3.3326840111146714
14.	3.331860112029512
14.01	3.3301298973402798
14.02	3.327440094948786
14.03	3.3237838500165955
14.04	3.3191933013240575
14.049999999999999	3.3137311015058475
14.059999999999999	3.307481808486394
14.07	3.3005439692683685
14.08	3.293023541714741
14.09	3.2850290762850065
14.1	3.2766688313503343
14.11	3.26804974631648
14.12	3.259277969006056
14.13	3.2504604485907977
14.14	3.241706981165164
14.15	3.2331320462747506
14.16	3.2248558078472516
14.17	3.21700377240354
14.18	3.2097047912099628
14.19	3.2030873403210602
14.2	3.1972742822384537
14.21	3.1923765675419213
14.22	3.18848653527593
14.23	3.1856715833104565
14.24	3.183968982295827
14.25	3.1833824939532116
14.26	3.183881239785994
14.27	3.185400980888039
14.28	3.18784765687254
14.290000000000001	3.191102740637819
14.3	3.1950297408036836
14.31	3.19948105923814
14.32	3.2043044040982647
14.33	3.2093480676577055
14.34	3.2144645832696837
14.35	3.219512544442864
14.36	3.2243566613782573
14.37	3.2288664055935756
14.38	3.2329138161255946
14.39	3.2363711846635317
14.4	3.239109385969657
14.41	3.2409975697671345
14.42	3.2419047862920363
14.43	3.2417038941931073
14.440000000000001	3.240277817968525
14.450000000000001	3.237527909699761
14.46	3.2333838587741974
14.47	3.22781431746077
14.48	3.2208372041816578
14.49	3.2125285400255774
14.5	3.203028689327157
14.51	3.1925450208867057
14.520000000000001	3.181350275803242
14.530000000000001	3.1697762969065675
14.540000000000001	3.1582032045406203
14.55	3.1470445441458814
14.56	3.136729329632648
14.57	3.127682214129513
14.58	3.1203031993404298
14.59	3.1149483271600666
14.600000000000001	3.111912683086995
14.610000000000001	3.1114168000672153
14.620000000000001	3.113597218698267
14.63	3.1185015790206005
14.64	3.1260882360910833
14.65	3.1362300474298843
14.66	3.148721707250871
14.67	3.163289819954098
14.68	3.179604821475171
14.690000000000001	3.197293867908571
14.700000000000001	3.2159539037328253
14.71	3.2351642772976428
14.72	3.2544984654552573
14.73	3.2735346761268644
14.74	3.291865291171602
14.750000000000002	3.3091052680772504
14.760000000000002	3.3248997182072713
14.770000000000001	3.3389309093138415
14.780000000000001	3.350924897924459
14.790000000000001	3.360657891105827
14.8	3.3679622858111324
14.81	3.372732164816932
14.82	3.3749278729788768
14.830000000000002	3.374579187347349
14.840000000000002	3.3717865537287706
14.850000000000001	3.366719904404712
14.860000000000001	3.3596146957904587
14.870000000000001	3.3507649971293008
14.88	3.340513696176653
14.89	3.329240134316664
14.9	3.3173457102475106
14.910000000000002	3.3052381721543735
14.920000000000002	3.293315436155199
14.930000000000001	3.2819498171453203
14.940000000000001	3.271473539311745
14.950000000000001	3.2621663166726416
14.96	3.254245670385516
14.97	3.247860490597623
14.98	3.2430881650727734
14.99	3.2399353917187823
15.000000000000002	3.238342573818327