0.	4.
0.01	3.999999980002111
0.02	3.999999680135279
0.03	3.9999983815432754
0.04	3.999994888689754
0.05	3.999987533239643
0.06	3.9999741795827606
0.07	3.9999522320864482
0.08	3.999918644184972
0.09	3.999869929431471
0.1	3.999802174652824
0.11	3.9997110553583255
0.12	3.9995918535592976
0.13	3.999439478157909
0.14	3.9992484880595405
0.15	3.9990131181536017
0.16	3.9987273082923265
0.17	3.998384735376388
0.18	3.9979788486292973
0.19	3.9975029081102242
0.2	3.9969500264773785
0.21	3.996313213971268
0.22	3.995585426540134
0.23	3.9947596169788446
0.24	3.9938287888984823
0.25	3.9927860532874617
0.26	3.9916246873674264
0.27	3.990338195389123
0.28	3.988920370956417
0.29	3.987365360411379
0.3	3.9856677267613114
0.31	3.9838225135808774
0.32	3.981825308280114
0.33	3.9796723040933837
0.34	3.977360360115929
0.35	3.974887058695132
0.36	3.9722507594727228
0.37	3.9694506493736306
0.38	3.9664867878467955
0.39	3.963360146683292
0.4	3.960072643768223
0.41000000000000003	3.956627170164049
0.42000000000000004	3.9530276099749226
0.43	3.949278852502803
0.44	3.9453867962766713
0.45	3.941358344614509
0.46	3.9372013924633995
0.47	3.9329248043543235
0.48	3.9285383834042302
0.49	3.92405283139692
0.5	3.919479700075002
0.51	3.914831333875993
0.52	3.910120804445136
0.53	3.905361837354329
0.54	3.9005687315492064
0.55	3.8957562721332915
0.56	3.8909396371790756
0.5700000000000001	3.8861342993282983
0.5800000000000001	3.881355923008178
0.5900000000000001	3.876620258145185
0.6000000000000001	3.8719430313028953
0.61	3.8673398352053034
0.62	3.8628260176310425
0.63	3.858416570677591
0.64	3.8541260213977244
0.65	3.8499683248030196
0.66	3.8459567602122333
0.67	3.8421038318955762
0.68	3.8384211749303123
0.6900000000000001	3.8349194671386053
0.7	3.831608347927328
0.71	3.8284963447897513
0.72	3.825590808164083
0.73	3.8228978552723865
0.74	3.820422323486877
0.75	3.8181677336898647
0.76	3.8161362640087058
0.77	3.814328734218951
0.78	3.812744601018192
0.79	3.81138196427973
0.8	3.8102375843007277
0.81	3.8093069099635413
0.8200000000000001	3.8085841176323783
0.8300000000000001	3.808062160511178
0.8400000000000001	3.807732828092673
0.85	3.807586815234003
0.86	3.807613800301887
0.87	3.8078025317401987
0.88	3.8081409223268556
0.89	3.808616150304953
0.9	3.8092147664967237
0.91	3.8099228064388244
0.92	3.810725906514975
0.9299999999999999	3.8116094230077104
0.94	3.8125585529460966
0.95	3.813558455592413
0.96	3.8145943733874
0.97	3.815651751163392
0.98	3.8167163524367798
0.99	3.817774371607101
1.	3.818812540920189
1.01	3.819818231096498
1.02	3.8207795445845454
1.03	3.821685400471507
1.04	3.822525610169108
1.05	3.8232909430916786
1.06	3.823973181654315
1.07	3.824565165039912
1.08	3.825060821315173
1.0899999999999999	3.8254551876134086
1.1	3.8257444182461
1.1099999999999999	3.8259257807526525
1.1199999999999999	3.8259976400470403
1.13	3.825959430968208
1.14	3.8258116196866925
1.15	3.8255556545597367
1.16	3.8251939071599863
1.17	3.8247296043255
1.18	3.824166752190008
1.19	3.823510053250059
1.2	3.8227648176079843
1.21	3.8219368695958678
1.22	3.821032451033875
1.23	3.8200581224063974
1.24	3.819020663250806
1.25	3.8179269730459655
1.26	3.816783973860943
1.27	3.815598515980114
1.28	3.814377287658832
1.29	3.813126730085437
1.3	3.8118529585327736
1.31	3.8105616905759905
1.32	3.809258182136217
1.33	3.8079471719826516
1.34	3.8066328351923295
1.35	3.8053187459273596
1.36	3.804007849748545
1.37	3.802702445542389
1.3800000000000001	3.8014041769983065
1.3900000000000001	3.8001140334373154
1.4	3.798832359663179
1.4100000000000001	3.7975588743853814
1.42	3.7962926966506454
1.43	3.7950323796188794
1.44	3.793775950930434
1.45	3.7925209588365405
1.46	3.7912645232041875
1.47	3.7900033904604826
1.48	3.788733991511486
1.49	3.7874525016550935
1.5	3.7861549015079
1.51	3.784837037981076
1.52	3.783494684369619
1.53	3.782123598662634
1.54	3.780719579237721
1.55	3.7792785171698955
1.56	3.777796444462885
1.57	3.776269577596927
1.58	3.7746943558811594
1.59	3.77306747419796
1.6	3.771385909830764
1.61	3.769646943173034
1.62	3.767848172223652
1.6300000000000001	3.7659875208802105
1.6400000000000001	3.7640632411463018
1.6500000000000001	3.762073909468781
1.6600000000000001	3.7600184175158855
1.6700000000000002	3.757895957794964
1.6800000000000002	3.7557060045880335
1.6900000000000002	3.7534482907538873
1.7000000000000002	3.7511227810050265
1.7100000000000002	3.7487296423162704
1.7200000000000002	3.7462692121585586
1.73	3.7437419652751798
1.7400000000000002	3.741148479729015
1.75	3.738489402947629
1.76	3.735765418478599
1.77	3.732977214140261
1.78	3.730125452214506
1.79	3.727210742277873
1.8	3.7242336172072568
1.81	3.7211945128269788
1.82	3.7180937515868173
1.83	3.7149315305773234
1.84	3.7117079141003586
1.85	3.7084228309211085
1.86	3.7050760762355477
1.87	3.7016673182941404
1.8800000000000001	3.698196109532265
1.8900000000000001	3.6946619019711235
1.9000000000000001	3.691064066570788
1.9100000000000001	3.6874019161429
1.92	3.6836747313630887
1.93	3.679881789366738
1.94	3.6760223943636094
1.95	3.672095909671648
1.96	3.6681017905455975
1.97	3.6640396171633443
1.98	3.6599091271329884
1.99	3.6557102468939124
2.	3.6514431214087537
2.01	3.647108141575463
2.02	3.6427059688323924
2.03	3.638237556480819
2.04	3.6337041673087054
2.05	3.629107387165474
2.06	3.6244491342079477
2.07	3.6197316636115158
2.08	3.614957567616533
2.09	3.6101297708565756
2.1	3.6052515209899854
2.11	3.600326374729944
2.12	3.595358179437432
2.13	3.5903510505070297
2.14	3.5853093448345366
2.15	3.5802376307092074
2.16	3.5751406545197866
2.17	3.5700233047026413
2.1799999999999997	3.5648905733924563
2.19	3.559747516260019
2.2	3.5545992110387545
2.21	3.549450715251604
2.2199999999999998	3.5443070236525487
2.23	3.539173025894288
2.24	3.534053464924349
2.25	3.5289528965979318
2.2600000000000002	3.5238756509768203
2.27	3.5188257957618236
2.2800000000000002	3.5138071022791273
2.29	3.508823014413716
2.3000000000000003	3.5038766208505487
2.31	3.4989706309524617
2.3200000000000003	3.494107354568743
2.33	3.4892886860328023
2.3400000000000003	3.4845160925707477
2.35	3.4797906073046696
2.3600000000000003	3.475112826995994
2.37	3.470482914634221
2.3800000000000003	3.4659006069360707
2.39	3.461365226777796
2.4000000000000004	3.4568757005409836
2.41	3.452430580307261
2.4200000000000004	3.4480280707925326
2.43	3.44366606086449
2.4400000000000004	3.4393421594392515
2.45	3.435053735504982
2.4600000000000004	3.430797961970745
2.47	3.426571862989836
2.4800000000000004	3.422372364358332
2.49	3.418196346540969
2.5	3.4140406998312427
2.5100000000000002	3.4099023811080897
2.5200000000000005	3.4057784716116957
2.5300000000000002	3.401666235124565
2.54	3.397563175912814
2.5500000000000003	3.3934670957578468
2.56	3.3893761493900127
2.57	3.385288897625693
2.58	3.381204357506679
2.59	3.377122048748042
2.6	3.373042035816513
2.61	3.3689649649878906
2.62	3.3648920957678605
2.63	3.3608253261064585
2.64	3.3567672108919524
2.65	3.3527209732748493
2.66	3.348690508445852
2.67	3.344680379572513
2.68	3.3406958056878002
2.69	3.336742641416495
2.7	3.3328273485237725
2.71	3.3289569593708626
2.72	3.3251390324650956
2.73	3.3213816003937806
2.74	3.317693110532307
2.75	3.3140823590141553
2.7600000000000002	3.3105584185438635
2.77	3.3071305607202377
2.7800000000000002	3.303808173617546
2.79	3.3006006754422623
2.8	3.297517425145055
2.81	3.294567630917429
2.8200000000000003	3.2917602575420952
2.83	3.2891039335929584
2.84	3.286606859495535
2.85	3.284276717460645
2.86	3.2821205842938634
2.87	3.2801448480602815
2.88	3.2783551295492686
2.8899999999999997	3.2767562094370803
2.9	3.275351961988042
2.9099999999999997	3.2741452960666924
2.92	3.2731381041568604
2.9299999999999997	3.2723312199981796
2.94	3.2717243853577305
2.9499999999999997	3.2713162263568067
2.96	3.2711042396686127
2.9699999999999998	3.27108478879693
2.98	3.271253110535686
2.9899999999999998	3.2716033316002604
3.	3.272128495311157
3.01	3.2728205981027783
3.02	3.2736706355248093
3.03	3.2746686573026604
3.04	3.275803830927554
3.05	3.277064513157063
3.06	3.278438328725497
3.07	3.279912255488701
3.08	3.281472715164715
3.09	3.2831056687760403
3.1	3.2847967158563502
3.11	3.286531196451626
3.12	3.288294294924902
3.13	3.290071144564952
3.1399999999999997	3.2918469320025423
3.15	3.2936070004526403
3.16	3.2953369508287307
3.17	3.2970227398131673
3.1799999999999997	3.2986507740176108
3.19	3.3002079994269273
3.2	3.301681985389247
3.21	3.3030610024924014
3.22	3.304334093751583
3.23	3.30549113862366
3.24	3.3065229094589323
3.25	3.30742112009911
3.2600000000000002	3.308178466429653
3.27	3.308788658794639
3.2800000000000002	3.309246446279361
3.29	3.309547632960559
3.3000000000000003	3.3096890863137567
3.31	3.30966873804983
3.3200000000000003	3.3094855777292036
3.33	3.3091396395682704
3.3400000000000003	3.3086319829098834
3.35	3.3079646668764333
3.3600000000000003	3.3071407197590235
3.37	3.306164103720528
3.3800000000000003	3.3050396754026834
3.39	3.3037731430284256
3.4000000000000004	3.302371020581064
3.41	3.300840579621674
3.4200000000000004	3.2991897992769443
3.43	3.2974273148915842
3.4400000000000004	3.2955623657952815
3.45	3.293604742583212
3.46	3.291564734254886
3.47	3.2894530754992193
3.4800000000000004	3.287280894355102
3.49	3.2850596604198485
3.5	3.2828011337227467
3.5100000000000002	3.280517314328631
3.52	3.278220392690674
3.53	3.275922700730415
3.54	3.273636663589855
3.55	3.271374751974813
3.56	3.2691494349915424
3.57	3.2669731333699215
3.58	3.264858172966804
3.59	3.2628167384512947
3.6	3.260860827091027
3.61	3.2590022025816525
3.62	3.257252348892716
3.63	3.255622424139044
3.64	3.2541232145264383
3.65	3.252765088464237
3.66	3.251557950981696
3.67	3.2505111986301083
3.68	3.2496336750965513
3.69	3.24893362779663
3.7	3.2484186657501835
3.71	3.2480957190775728
3.72	3.247971000479673
3.73	3.248049969084847
3.74	3.248337297057735
3.75	3.2488368393688516
3.76	3.2495516071196224
3.77	3.250483744803764
3.7800000000000002	3.2516345118656833
3.79	3.25300426888606
3.8	3.254592468688469
3.81	3.256397652616533
3.82	3.258417452181175
3.83	3.26064859622211
3.84	3.2630869236682125
3.8499999999999996	3.265727401918398
3.86	3.268564150800624
3.8699999999999997	3.27159047200027
3.88	3.2747988837842916
3.8899999999999997	3.27818116078413
3.9	3.2817283785379363
3.9099999999999997	3.2854309624358997
3.92	3.2892787406584594
3.9299999999999997	3.2932610006488945
3.94	3.2973665486198445
3.9499999999999997	3.3015837715569916
3.96	3.3059007011549637
3.9699999999999998	3.310305079098684
3.98	3.3147844230897867
3.9899999999999998	3.3193260930117123
4.	3.3239173566285207
4.01	3.328545454222641
4.02	3.3331976615923717
4.03	3.3378613508553103
4.04	3.342524048534039
4.05	3.3471734904377013
4.06	3.3517976728965473
4.07	3.3563848999548433
4.08	3.3609238261801266
4.09	3.365403494804804
4.1	3.3698133709750393
4.109999999999999	3.374143369945586
4.12	3.3783838801227635
4.13	3.3825257809230393
4.14	3.3865604554799216
4.1499999999999995	3.39047979829523
4.16	3.394276217993724
4.17	3.3979426353989397
4.18	3.4014724772050626
4.19	3.40485966557023
4.2	3.408098604004609
4.21	3.411184159966542
4.22	3.4141116446151356
4.23	3.416876790195227
4.24	3.4194757255507437
4.25	3.421904950274807
4.26	3.4241613080100533
4.2700000000000005	3.4262419594083697
4.28	3.428144355248401
4.29	3.4298662101892123
4.3	3.43140547761266
4.3100000000000005	3.432760325972091
4.32	3.4339291170258104
4.33	3.4349103862874597
4.34	3.435702825974929
4.3500000000000005	3.4363052706850574
4.36	3.436716685964142
4.37	3.436936159885168
4.38	3.436962897683248
4.390000000000001	3.436796219441625
4.4	3.4364355607635435
4.41	3.435880476309955
4.42	3.435130646033124
4.43	3.4341858838889863
4.44	3.433046148771035
4.45	3.431711557373541
4.46	3.4301823986633875
4.47	3.428459149619825
4.4799999999999995	3.4265424918858565
4.489999999999999	3.4244333289694255
4.5	3.422132803631813
4.51	3.4196423151074438
4.52	3.416963535812394
4.529999999999999	3.4140984272164627
4.54	3.4110492545774784
4.55	3.407818600262824
4.56	3.404409375413758
4.569999999999999	3.400824829739551
4.58	3.397068559262797
4.59	3.393144511870113
4.6	3.389056990556239
4.609999999999999	3.384810654281094
4.62	3.3804105163896025
4.63	3.3758619405712937
4.64	3.3711706343614085
4.6499999999999995	3.3663426402064447
4.66	3.361384324135143
4.67	3.356302362090576
4.68	3.351103723990409
4.6899999999999995	3.3457956555914334
4.7	3.3403856582400344
4.71	3.334881466595138
4.72	3.329291024412484
4.7299999999999995	3.3236224584810694
4.74	3.317884050804655
4.75	3.312084209123169
4.76	3.3062314358716547
4.77	3.30033429567996
4.78	3.2944013815215554
4.79	3.2884412796300833
4.8	3.2824625333118265
4.8100000000000005	3.276473605797123
4.82	3.270482842288975
4.83	3.264498431385257
4.84	3.258528366070851
4.8500000000000005	3.2525804044970377
4.86	3.246662030787011
4.87	3.240780416128338
4.88	3.234942380433653
4.890000000000001	3.229154354870335
4.9	3.2234223455762288
4.91	3.2177518988923173
4.92	3.2121480684520147
4.930000000000001	3.2066153844717027
4.94	3.2011578255860833
4.95	3.195778793565048
4.96	3.190481091236126
4.970000000000001	3.1852669039171535
4.98	3.1801377846381813
4.99	3.1750946433996567
5.	3.170137740676658
5.010000000000001	3.1652666853355367
5.0200000000000005	3.1604804370822137
5.03	3.155777313509473
5.04	3.151155001757246
5.050000000000001	3.1466105747430584
5.0600000000000005	3.142140511864196
5.07	3.1377407240162665
5.08	3.1334065827195396
5.09	3.1291329530922436
5.1	3.1249142303631663
5.109999999999999	3.120744379573612
5.12	3.1166169780816877
5.13	3.112525260453383
5.14	3.1084621653012365
5.1499999999999995	3.1044203836177555
5.16	3.1003924081437426
5.17	3.096370583313152
5.18	3.0923471553258866
5.1899999999999995	3.0883143219172258
5.2	3.0842642814161447
5.21	3.080189280717324
5.22	3.0760816618268154
5.2299999999999995	3.071933906684026
5.24	3.0677386800079063
5.25	3.063488869963513
5.26	3.0591776264950252
5.27	3.054798397222163
5.28	3.0503449608463646
5.29	3.045811458061514
5.3	3.0411924200094553
5.31	3.036482794361662
5.32	3.031677969146016
5.33	3.026773794468843
5.34	3.02176660230806
5.35	3.016653224572345
5.359999999999999	3.01143100963346
5.37	3.006097837544106
5.38	3.000652134151671
5.39	2.995092884309618
5.4	2.9894196443719565
5.41	2.9836325541351068
5.42	2.9777323483627516
5.430000000000001	2.971720367996426
5.44	2.965598571116723
5.45	2.9593695436785143
5.46	2.9530365099986695
5.470000000000001	2.946603342928969
5.48	2.940074573598713
5.49	2.9334554005641937
5.5	2.9267516981560537
5.510000000000001	2.919970023770212
5.5200000000000005	2.9131176238071683
5.53	2.9062024379268556
5.54	2.8992331012530386
5.550000000000001	2.892218944135161
5.5600000000000005	2.8851699890548073
5.57	2.8780969442512916
5.58	2.8710111936359572
5.590000000000001	2.8639247825682332
5.6000000000000005	2.85685039907922
5.61	2.8498013501501793
5.62	2.8427915326842164
5.630000000000001	2.8358353988501404
5.640000000000001	2.8289479155263555
5.65	2.822144517631547
5.66	2.815441055195045
5.67	2.8088537340938715
5.680000000000001	2.80239905046482
5.69	2.7960937188858126
5.7	2.789954594513042
5.71	2.783998589453806
5.72	2.778242583752493
5.7299999999999995	2.772703331463127
5.74	2.767397362377894
5.75	2.762340880073502
5.76	2.7575496570253835
5.77	2.753038927621316
5.78	2.7488232799802734
5.79	2.744916547546167
5.8	2.7413317014800045
5.81	2.738080744915276
5.82	2.735174610168536
5.83	2.7326230600116537
5.84	2.7304345941096475
5.85	2.728616361711878
5.86	2.727174081650976
5.87	2.726111970656066
5.88	2.725432680922966
5.89	2.725137247806352
5.9	2.725225048406535
5.91	2.7256937717199423
5.92	2.7265394009069333
5.93	2.7277562081056486
5.94	2.7293367620893014
5.95	2.7312719489256883
5.96	2.7335510056575
5.97	2.736161566878759
5.98	2.7390897239416856
5.99	2.7423200963894176
6.	2.745835915076747
6.01	2.749619116314363
6.0200000000000005	2.75365044625483
6.03	2.7579095746315856
6.04	2.762375216866978
6.050000000000001	2.7670252634838963
6.0600000000000005	2.771836915687601
6.07	2.7767868259316195
6.08	2.7818512422436035
6.090000000000001	2.787006155064447
6.1000000000000005	2.792227445347339
6.11	2.79749103266945
6.12	2.802773022131633
6.130000000000001	2.8080498488558403
6.140000000000001	2.813298418936469
6.15	2.8184962457607092
6.16	2.823621580680161
6.170000000000001	2.8286535370929267
6.180000000000001	2.8335722070783156
6.19	2.8383587698156
6.2	2.8429955911118556
6.210000000000001	2.847466313459684
6.220000000000001	2.8517559361441718
6.23	2.8558508850163142
6.24	2.8597390716485984
6.250000000000001	2.8634099416841234
6.260000000000001	2.8668545122851277
6.2700000000000005	2.870065398677061
6.28	2.873036829871912
6.290000000000001	2.875764653737343
6.300000000000001	2.8782463316562303
6.3100000000000005	2.8804809230953854
6.32	2.882469060469819
6.33	2.884212914753133
6.34	2.8857161523414674
6.35	2.88698388373144
6.36	2.8880226046192665
6.37	2.8888401300689663
6.38	2.8894455224338946
6.39	2.8898490137443806
6.4	2.8900619232990374
6.41	2.8900965712139337
6.42	2.889966188696098
6.43	2.88968482581192
6.44	2.889267257520097
6.45	2.8887288887304567
6.46	2.8880856591347204
6.47	2.887353948534037
6.48	2.8865504833592084
6.49	2.8856922450444804
6.5	2.8847963808742896
6.51	2.883880117874172
6.5200000000000005	2.882960680263851
6.53	2.882055210930888
6.54	2.881180697320656
6.55	2.8803539020700244
6.5600000000000005	2.8795912986422207
6.57	2.8789090121476963
6.58	2.878322765461904
6.59	2.8778478306778026
6.6	2.8774989858581805
6.61	2.877290476983339
6.62	2.8772359849230154
6.63	2.8773485971998265
6.640000000000001	2.877640784255705
6.65	2.878124379883297
6.66	2.8788105654429312
6.670000000000001	2.8797098574524385
6.680000000000001	2.8808320981124833
6.69	2.882186448315303
6.7	2.8837813826788845
6.710000000000001	2.8856246861528807
6.720000000000001	2.887723451755552
6.73	2.890084079023641
6.74	2.892712272787921
6.750000000000001	2.8956130419253623
6.760000000000001	2.898790697784607
6.7700000000000005	2.9022488520325194
6.78	2.905990413725258
6.790000000000001	2.9100175854671555
6.800000000000001	2.9143318585816935
6.8100000000000005	2.918934007281689
6.82	2.9238240818878145
6.830000000000001	2.9290014012040952
6.840000000000001	2.9344645442173505
6.8500000000000005	2.9402113413401088
6.86	2.94623886546398
6.870000000000001	2.9525434231338776
6.880000000000001	2.9591205461861896
6.890000000000001	2.9659649842235813
6.9	2.9730706983168567
6.91	2.980430856336247
6.920000000000001	2.988037830316576
6.930000000000001	2.9958831962546286
6.94	3.003957736723117
6.95	3.012251446663123
6.96	3.02075354268644
6.97	3.029452476183464
6.98	3.0383359504875402
6.99	3.0473909422990184
7.	3.0566037275183477
7.01	3.065959911579676
7.0200000000000005	3.0754444643173895
7.03	3.0850417593343185
7.04	3.0947356177793433
7.05	3.104509356377042
7.0600000000000005	3.1143458394920804
7.07	3.124227534950164
7.08	3.134136573280669
7.09	3.1440548099933205
7.1000000000000005	3.1539638904519727
7.11	3.1638453168669107
7.12	3.173680516887602
7.13	3.183450913250292
7.140000000000001	3.193137993908759
7.15	3.2027233820627226
7.16	3.212188905489837
7.17	3.2215166645877087
7.180000000000001	3.2306890985414745
7.19	3.2396890490488683
7.2	3.248499821060957
7.21	3.257105240029481
7.220000000000001	3.265489705193141
7.23	3.273638238483438
7.24	3.2815365286860914
7.25	3.289170970554713
7.26	3.296528698640155
7.27	3.303597615668912
7.279999999999999	3.3103664153785655
7.29	3.3168245997932586
7.3	3.3229624909997995
7.31	3.328771237560941
7.319999999999999	3.3342428157777158
7.33	3.3393700260849104
7.34	3.3441464849308633
7.35	3.3485666125565876
7.359999999999999	3.3526256171438282
7.37	3.356319475850981
7.38	3.3596449132941126
7.39	3.3625993780618826
7.3999999999999995	3.3651810178709702
7.41	3.3673886539793623
7.42	3.3692217554711874
7.43	3.370680414014431
7.4399999999999995	3.3717653196680017
7.45	3.372477738278575
7.46	3.372819490963453
7.47	3.3727929361189974
7.4799999999999995	3.3724009543308213
7.49	3.3716469364910893
7.5	3.370534775349414
7.51	3.3690688606418426
7.52	3.3672540778567144
7.529999999999999	3.3650958106074995
7.54	3.3625999464951737
7.55	3.3597728862558403
7.56	3.3566215559052024
7.57	3.3531534215129297
7.58	3.349376506165326
7.59	3.3452994086097076
7.6000000000000005	3.340931323014531
7.61	3.3362820592322944
7.62	3.33136206291163
7.63	3.326182434778959
7.640000000000001	3.3207549483916727
7.65	3.3150920656602088
7.66	3.3092069494413368
7.67	3.303113472521709
7.680000000000001	3.2968262223381117
7.69	3.2903605008181245
7.7	3.283732318771463
7.71	3.2769583843176155
7.720000000000001	3.2700560848990032
7.73	3.2630434624977562
7.74	3.2559391817504917
7.75	3.2487624907356025
7.760000000000001	3.2415331742909914
7.7700000000000005	3.2342714998077033
7.78	3.2269981555319807
7.79	3.219734181498443
7.800000000000001	3.212500893305021
7.8100000000000005	3.2053197990288615
7.82	3.198212509667742
7.83	3.1912006435764804
7.84	3.184305725447068
7.8500000000000005	3.1775490804592774
7.86	3.170951724301186
7.87	3.164534249825709
7.88	3.158316711174487
7.89	3.15231850625436
7.8999999999999995	3.1465582585050185
7.91	3.1410536989382236
7.92	3.1358215494670296
7.93	3.1308774085709703
7.9399999999999995	3.1262356403643503
7.95	3.121909268145661
7.96	3.1179098735080846
7.97	3.1142475020831704
7.9799999999999995	3.110930576970749
7.99	3.107965820878805
8.	3.105358187956317
8.01	3.1031108062482335
8.02	3.1012249316394795
8.03	3.099699914076461
8.04	3.098533176767968
8.05	3.09772020896714
8.06	3.0972545728265626
8.07	3.0971279246969496
8.08	3.0973300511106654
8.09	3.097848919552608
8.1	3.098670743976331
8.11	3.0997800648718337
8.12	3.101159843538726
8.129999999999999	3.1027915700607838
8.14	3.1046553843236095
8.15	3.1067302092635085
8.16	3.108993895386218
8.17	3.111423375453464
8.18	3.1139948281015695
8.19	3.116683849035569
8.2	3.1194656283334634
8.209999999999999	3.122315132302587
8.219999999999999	3.125207288254153
8.229999999999999	3.128117170504255
8.24	3.1310201858720235
8.25	3.1338922569291396
8.26	3.1367100012578573
8.27	3.1394509050020014
8.28	3.142093489042829
8.29	3.144617466199424
8.299999999999999	3.1470038879437467
8.309999999999999	3.1492352792284306
8.32	3.151295760152502
8.33	3.1531711533327433
8.34	3.154849076006238
8.35	3.156319016058383
8.36	3.1575723913507794
8.37	3.1586025919094265
8.379999999999999	3.1594050047244577
8.389999999999999	3.1599770211064815
8.4	3.160318026736438
8.41	3.1604293747350605
8.42	3.1603143422605706
8.43	3.1599780713185575
8.44	3.1594274946315255
8.45	3.158671247566236
8.459999999999999	3.1577195672545093
8.469999999999999	3.1565841801623296
8.479999999999999	3.1552781794652143
8.49	3.1538158936715717
8.5	3.15221274800035
8.51	3.15048512006325
8.52	3.1486501914264293
8.53	3.146725796630974
8.54	3.144730271235284
8.55	3.142682300408476
8.56	3.1406007695508995
8.57	3.138504618347536
8.58	3.136412699575261
8.59	3.134343643883348
8.6	3.132315731655844
8.61	3.1303467729389363
8.62	3.1284539962849878
8.63	3.1266539472252655
8.64	3.12496239693837
8.65	3.1233942615344423
8.66	3.121963532226607
8.67	3.1206832165148075
8.68	3.1195652903620728
8.69	3.118620661206657
8.7	3.1178591415198316
8.71	3.1172894324979774
8.72	3.116919117364139
8.73	3.1167546636539143
8.74	3.1168014337725527
8.75	3.11706370303681
8.76	3.117544684355419
8.77	3.118246558659912
8.78	3.1191705101688676
8.79	3.1203167655569883
8.8	3.121684636106333
8.81	3.1232725619338404
8.82	3.125078157426265
8.83	3.1270982570606076
8.84	3.12932896084976
8.85	3.131765678725075
8.860000000000001	3.1344031732519637
8.870000000000001	3.137235600163284
8.88	3.1402565462947467
8.89	3.1434590646077254
8.9	3.146835706089636
8.91	3.1503785484281206
8.92	3.154079221457952
8.93	3.157928929480664
8.940000000000001	3.161918470652302
8.950000000000001	3.1660382537221254
8.96	3.1702783124836937
8.97	3.1746283183709645
8.98	3.1790775916863176
8.99	3.18361511199592
9.	3.1882295282568123
9.01	3.192909169260958
9.020000000000001	3.197642054984419
9.030000000000001	3.2024159094209774
9.040000000000001	3.20721817545835
9.05	3.2120360323178954
9.06	3.2168564160343256
9.07	3.2216660433927498
9.08	3.22645143967441
9.09	3.2311989704875343
9.1	3.2358948778798244
9.110000000000001	3.240525320842094
9.120000000000001	3.2450764202259794
9.13	3.2495343080085526
9.14	3.253885180748174
9.15	3.258115356989736
9.16	3.2622113382949234
9.170000000000002	3.266159873495446
9.180000000000001	3.269948025697415
9.190000000000001	3.2735632415007276
9.200000000000001	3.276993421843099
9.21	3.280226993832798
9.22	3.2832529828980803
9.23	3.286061084554769
9.24	3.288641735077432
9.250000000000002	3.2909861803537215
9.260000000000002	3.293086542202829
9.270000000000001	3.2949358814537346
9.280000000000001	3.2965282570968606
9.290000000000001	3.2978587808536153
9.3	3.298923666543399
9.31	3.2997202736690836
9.32	3.300247144691145
9.330000000000002	3.3005040355127373
9.340000000000002	3.3004919387543135
9.350000000000001	3.3002130994575087
9.360000000000001	3.2996710229199206
9.370000000000001	3.298870474427522
9.38	3.297817470717446
9.39	3.2965192630714646
9.4	3.294984312007711
9.41	3.2932222536065474
9.420000000000002	3.2912438575735905
9.43	3.2890609772111645
9.44	3.286686491534361
9.45	3.284134239835594
9.459999999999999	3.281418949063702
9.469999999999999	3.2785561544477373
9.48	3.275562113856739
9.49	3.272453716443972
9.5	3.269248386182113
9.51	3.265963980947916
9.52	3.2626186878646357
9.53	3.2592309156559938
9.54	3.2558191848058895
9.549999999999999	3.2524020163538827
9.56	3.24899782018546
9.57	3.2456247836975853
9.58	3.242300761737822
9.59	3.239043168719196
9.6	3.235868873814253
9.61	3.2327941001199525
9.62	3.2298343286651123
9.629999999999999	3.2270042081034718
9.64	3.2243174708946047
9.65	3.2217868567271877
9.66	3.219424043878387
9.67	3.217239589136324
9.68	3.215242876834685
9.69	3.2134420774635193
9.7	3.21184411622747
9.709999999999999	3.210454651824986
9.719999999999999	3.209278065616534
9.73	3.2083174612439604
9.74	3.2075746746517035
9.75	3.207050294350323
9.76	3.2067436916517975
9.77	3.206653060497488
9.78	3.2067754663951407
9.790000000000001	3.2071069038803897
9.8	3.2076423618257035
9.81	3.2083758958330773
9.82	3.2093007068700263
9.83	3.2104092252423806
9.84	3.2116931989401256
9.85	3.213143785349458
9.86	3.2147516452921803
9.870000000000001	3.2165070383333143
9.88	3.2183999182932332
9.89	3.220420027905301
9.9	3.2225569915808094
9.91	3.2248004052739496
9.92	3.227139922483639
9.93	3.229565335483982
9.94	3.2320666509407223
9.950000000000001	3.2346341591464496
9.96	3.237258496191287
9.97	3.23993069847723
9.98	3.242642249082736
9.99	3.2453851155869966
10.	3.2481517790711427
10.01	3.2509352541237853
10.02	3.2537290997893655
10.03	3.2565274215102997
10.040000000000001	3.2593248642244728
10.05	3.2621165968876675
10.06	3.264898288796215
10.07	3.2676660781846607
10.08	3.270416533667657
10.09	3.273146609183182
10.100000000000001	3.2758535931727772
10.110000000000001	3.278535052805765
10.120000000000001	3.281188774113566
10.13	3.2838126989530307
10.14	3.286404859752666
10.15	3.2889633130263842
10.16	3.2914860726513036
10.17	3.293971043909897
10.180000000000001	3.2964159592851425
10.190000000000001	3.2988183169749945
10.200000000000001	3.3011753230557384
10.21	3.303483838176099
10.22	3.3057403296042356
10.23	3.3079408293786257
10.24	3.3100808992331174
10.25	3.3121556028757495
10.260000000000002	3.314159486103443
10.270000000000001	3.3160865651293445
10.280000000000001	3.317930323390163
10.290000000000001	3.319683716986618
10.3	3.3213391887957675
10.31	3.3228886911775293
10.32	3.3243237170841153
10.33	3.325635339270388
10.34	3.326814257197269
10.350000000000001	3.327850851122254
10.36	3.3287352427789454
10.37	3.32945736196792
10.379999999999999	3.3300070183098636
10.389999999999999	3.330373977354604
10.399999999999999	3.330548040192868
10.41	3.330519125686263
10.42	3.3302773544115105
10.43	3.3298131334098517
10.44	3.329117240841023
10.45	3.3281809096621213
10.459999999999999	3.3269959094847747
10.469999999999999	3.3255546258091644
10.479999999999999	3.3238501358873007
10.49	3.32187628053223
10.5	3.3196277312593567
10.51	3.317100052222854
10.52	3.3142897564902363
10.53	3.311194356280119
10.54	3.307812406870701
10.549999999999999	3.3041435439690066
10.559999999999999	3.3001885144089886
10.57	3.295949200121333
10.58	3.2914286353880486
10.59	3.2866310174560502
10.6	3.281561710641577
10.61	3.2762272441027047
10.62	3.2706353034973583
10.629999999999999	3.2647947167745777
10.639999999999999	3.258715434368253
10.649999999999999	3.252408504076832
10.66	3.2458860409181183
10.67	3.2391611922476535
10.68	3.2322480984220125
10.69	3.2251618492758567
10.7	3.2179184366663387
10.709999999999999	3.210534703318527
10.72	3.2030282881852417
10.73	3.1954175685140846
10.74	3.18772159879351
10.75	3.1799600467318427
10.76	3.172153126407283
10.77	3.1643215287149946
10.78	3.156486349229808
10.79	3.1486690136005273
10.8	3.140891200594443
10.81	3.133174762918669
10.82	3.1255416459589007
10.83	3.118013804594943
10.84	3.1106131182766648
10.85	3.1033613045721076
10.86	3.0962798314327133
10.87	3.0893898284552517
10.88	3.082711997458434
10.89	3.0762665227314674
10.9	3.0700729813508523
10.91	3.0641502540012997
10.92	3.0585164367735986
10.93	3.0531887544469303
10.94	3.048183475795007
10.95	3.0435158314810833
10.959999999999999	3.0391999351296333
10.97	3.035248708177332
10.98	3.031673809115429
10.99	3.0284855677374574
11.	3.0256929250012226
11.01	3.023303379100375
11.02	3.0213229383203055
11.030000000000001	3.019756081224544
11.040000000000001	3.0186057246805404
11.05	3.017873200190115
11.06	3.0175582389382853
11.07	3.017658965915383
11.08	3.0181719034035033
11.09	3.0190919840468466
11.1	3.020412573650377
11.110000000000001	3.0221255037715804
11.120000000000001	3.024221114085392
11.13	3.0266883044174566
11.14	3.029514596252371
11.15	3.032686203433871
11.16	3.0361881116876477
11.17	3.040004166507544
11.18	3.044117168863175
11.190000000000001	3.048508978104166
11.200000000000001	3.053160621359474
11.21	3.0580524086589804
11.22	3.0631640529385122
11.23	3.068474794032804
11.24	3.073963525710413
11.25	3.0796089247653295
11.26	3.0853895811485477
11.27	3.0912841281040415
11.280000000000001	3.0972713712635302
11.290000000000001	3.103330415657212
11.3	3.1094407896114316
11.31	3.11558256452912
11.32	3.1217364695858776
11.33	3.1278840004215143
11.340000000000002	3.1340075209660427
11.350000000000001	3.140090357606103
11.360000000000001	3.1461168849755516
11.370000000000001	3.1520726027386075
11.38	3.1579442028266773
11.39	3.1637196266865217
11.4	3.169388112200433
11.41	3.1749402300433434
11.420000000000002	3.180367909348268
11.430000000000001	3.1856644526565985
11.440000000000001	3.1908245402359885
11.450000000000001	3.195844223947717
11.46	3.200720910943573
11.47	3.205453337563359
11.48	3.2100415338869506
11.49	3.214486779473344
11.500000000000002	3.2187915508838048
11.510000000000002	3.2229594616469104
11.520000000000001	3.226995195369639
11.530000000000001	3.23090443273789
11.540000000000001	3.2346937731773107
11.55	3.238370651963693
11.56	3.241943253580291
11.57	3.2454204221185075
11.58	3.2488115695107416
11.590000000000002	3.252126582364612
11.6	3.2553757281471527
11.61	3.2585695614358197
11.62	3.2617188309203633
11.629999999999999	3.2648343878007076
11.639999999999999	3.2679270961854128
11.65	3.271007746052892
11.66	3.274086969292579
11.67	3.2771751593006626
11.68	3.280282394560396
11.69	3.283418366593916
11.7	3.2865923126324117
11.709999999999999	3.289812953309805
11.719999999999999	3.2930884356483725
11.73	3.296426281567108
11.74	3.2998333421086645
11.75	3.3033157575478462
11.76	3.3068789235101965
11.77	3.3105274631981607
11.78	3.3142652057900364
11.79	3.318095171044614
11.799999999999999	3.32201956011152
11.81	3.326039752514494
11.82	3.330156309238738
11.83	3.3343689818195257
11.84	3.338676727289679
11.85	3.3430777288071747
11.86	3.347569421742473
11.87	3.3521485249671903
11.879999999999999	3.3568110770422286
11.889999999999999	3.3615524769658953
11.9	3.3663675291006836
11.91	3.3712504918612
11.92	3.3761951297091204
11.93	3.381194767969873
11.94	3.3862423499562437
11.95	3.3913304958629036
11.96	3.396451562876294
11.97	3.4015977059348756
11.98	3.406760938569343
11.99	3.411933193256481
12.	3.4171063807302695
12.01	3.4222724477138877
12.02	3.4274234325605026
12.03	3.432551518327169
12.040000000000001	3.4376490828448936
12.05	3.4427087453966085
12.06	3.4477234096675726
12.07	3.452686302690167
12.08	3.4575910095673734
12.09	3.4624315038228417
12.1	3.4672021732905263
12.11	3.4718978415231936
12.120000000000001	3.4765137847626395
12.13	3.4810457445757423
12.14	3.485489936319201
12.15	3.4898430536475855
12.16	3.494102269327001
12.17	3.4982652326561143
12.18	3.50233006382944
12.19	3.5062953456008388
12.2	3.5101601126226094
12.21	3.513923838841084
12.22	3.5175864233291083
12.23	3.5211481749258042
12.24	3.5246097960352234
12.25	3.5279723659121722
12.26	3.5312373237288828
12.270000000000001	3.534406451681515
12.280000000000001	3.537481858350799
12.290000000000001	3.5404659624870645
12.3	3.5433614773401727
12.31	3.546171395606466
12.32	3.54889897501403
12.33	3.55154772452079
12.34	3.5541213910521283
12.350000000000001	3.556623946662914
12.360000000000001	3.5590595759700197
12.370000000000001	3.5614326636690006
12.38	3.5637477819192913
12.39	3.566009677364802
12.4	3.568223257539303
12.41	3.5703935764034593
12.42	3.5725258187583346
12.430000000000001	3.574625283291831
12.440000000000001	3.576697364028208
12.450000000000001	3.578747529975736
12.46	3.580781302797939
12.47	3.582804232368273
12.48	3.584821870112097
12.49	3.5868397400861247
12.5	3.588863307794917
12.51	3.590897946800454
12.520000000000001	3.5929489032348907
12.530000000000001	3.5950212583849908
12.540000000000001	3.5971198895744627
12.55	3.5992494296263495
12.56	3.6014142252431087
12.57	3.603618294692966
12.580000000000002	3.6058652852396715
12.590000000000002	3.6081584307949752
12.600000000000001	3.6105005103094783
12.610000000000001	3.612893807449048
12.620000000000001	3.6153400721241358
12.63	3.617840484455097
12.64	3.6203956217614204
12.65	3.6230054291580496
12.660000000000002	3.625669194328558
12.670000000000002	3.6283855270214476
12.680000000000001	3.6311523437819826
12.690000000000001	3.633966858388048
12.700000000000001	3.6368255784066985
12.71	3.6397243082254285
12.72	3.6426581588420297
12.73	3.6456215646189154
12.740000000000002	3.648608307123588
12.750000000000002	3.6516115460872065
12.760000000000002	3.6546238574175374
12.770000000000001	3.657637278108491
12.780000000000001	3.6606433577863715
12.790000000000001	3.663633216538669
12.8	3.6665976085721477
12.81	3.6695269911564705
12.82	3.6724115982206316
12.830000000000002	3.675241517890119
12.84	3.6780067731795105
12.85	3.680697404993718
12.86	3.6833035565385335
12.87	3.6858155582030094
12.879999999999999	3.68822401194885
12.89	3.6905198742311813
12.9	3.6926945364750914
12.91	3.694739902150072
12.92	3.6966484595147024
12.93	3.698413349148153
12.94	3.7000284254446494
12.95	3.7014883113157007
12.959999999999999	3.7027884454302513
12.97	3.7039251214115296
12.98	3.7048955185151846
12.99	3.7056977234173516
13.	3.706330742858213
13.01	3.706794507001691
13.02	3.707089863491016
13.03	3.707218562298557
13.04	3.70718323158321
13.05	3.706987344881177
13.06	3.7066351800605952
13.07	3.706131770570728
13.08	3.7054828496039462
13.09	3.704694787870368
13.1	3.7037745257521135
13.11	3.7027295006624765
13.12	3.7015675704790434
13.129999999999999	3.700296933952882
13.14	3.6989260490154985
13.15	3.697463549912487
13.16	3.695918164089115
13.17	3.694298629735975
13.18	3.6926136148779007
13.19	3.6908716388521086
13.200000000000001	3.6890809969761813
13.21	3.687249689155203
13.22	3.685385353115812
13.23	3.6834952028915233
13.24	3.681585973113192
13.25	3.679663869585735
13.26	3.6777345265567316
13.27	3.6758029710057016
13.280000000000001	3.673873594205177
13.290000000000001	3.671950130727537
13.3	3.6700356449942815
13.31	3.668132525390398
13.32	3.666242485891983
13.33	3.6643665750849252
13.34	3.6625051923837875
13.35	3.6606581111949414
13.360000000000001	3.658824508705456
13.370000000000001	3.6570030019210256
13.38	3.655191689519698
13.39	3.653388199039288
13.4	3.6515897388665377
13.41	3.6497931544553612
13.42	3.6479949881619156
13.43	3.646191542051451
13.44	3.644378943004556
13.450000000000001	3.6425532094257704
13.46	3.640710318844147
13.47	3.6388462756822464
13.48	3.6369571784687293
13.49	3.635039285771716
13.5	3.633089080142841
13.510000000000002	3.6311033293782735
13.520000000000001	3.6290791444311807
13.530000000000001	3.6270140333426273
13.540000000000001	3.624905950600573
13.55	3.622753341385204
13.56	3.620555180215737
13.57	3.618311003576453
13.58	3.616020936169332
13.590000000000002	3.613685710515158
13.600000000000001	3.611306679703959
13.610000000000001	3.608885823177846
13.620000000000001	3.6064257455145823
13.63	3.603929668266032
13.64	3.601401414990293
13.65	3.598845389701784
13.66	3.5962665490437855
13.670000000000002	3.593670368565287
13.680000000000001	3.5910628035555066
13.690000000000001	3.5884502449536972
13.700000000000001	3.585839470910209
13.71	3.5832375946215667
13.72	3.5806520091018976
13.73	3.5780903295821584
13.74	3.575560334245587
13.75	3.5730699040161444
13.760000000000002	3.5706269621124602
13.77	3.568239414066481
13.78	3.5659150888806
13.79	3.5636616819643603
13.799999999999999	3.561486700448049
13.809999999999999	3.559397411419891
13.82	3.5574007935766083
13.83	3.555503492712774
13.84	3.553711781407813
13.85	3.552031523196977
13.86	3.550468141442195
13.87	3.5490265930433145
13.879999999999999	3.547711347059038
13.889999999999999	3.546526368237304
13.9	3.5454751053857203
13.91	3.544560484452123
13.92	3.5437849061260924
13.93	3.5431502477211736
13.94	3.5426578690524626
13.95	3.5423086219859545
13.959999999999999	3.5421028633051224
13.969999999999999	3.542040470517752
13.98	3.5421208602094802
13.99	3.542343008543165
14.	3.542705473501803
14.01	3.5432064184789853
14.02	3.543843636832656
14.03	3.544614577036322
14.04	3.545516368085666
14.049999999999999	3.5465458448448546
14.059999999999999	3.5476995730501777
14.07	3.5489738737222125
14.08	3.5503648467742037
14.09	3.55186839364451
14.1	3.5534802388175315
14.11	3.555195950139615
14.12	3.5570109578720057
14.13	3.558920572462665
14.14	3.5609200010516986
14.15	3.5630043627599637
14.16	3.5651687028377625
14.17	3.5674080057784807
14.18	3.569717207522869
14.19	3.5720912068981265
14.2	3.574524876448624
14.21	3.577013072824503
14.22	3.579550646896825
14.23	3.582132453767498
14.24	3.584753362835089
14.25	3.5874082680677546
14.26	3.590092098616748
14.27	3.5927998298858412
14.28	3.595526495146742
14.290000000000001	3.5982671977624627
14.3	3.6010171240514266
14.31	3.603771556789659
14.32	3.6065258893155265
14.33	3.609275640164168
14.34	3.6120164681223965
14.35	3.6147441875604986
14.36	3.6174547838618025
14.37	3.6201444287386035
14.38	3.622809495196537
14.39	3.6254465718811764
14.4	3.628052476523971
14.41	3.630624268186984
14.42	3.633159257998801
14.43	3.635655018071713
14.440000000000001	3.6381093882948488
14.450000000000001	3.640520480708431
14.46	3.6428866811863396
14.47	3.6452066481770897
14.48	3.647479308289372
14.49	3.64970384854548
14.5	3.6518797051739083
14.51	3.6540065488608318
14.520000000000001	3.656084266437734
14.530000000000001	3.6581129390391554
14.540000000000001	3.6600928168265474
14.55	3.662024290436857
14.56	3.663907859374095
14.57	3.6657440976265807
14.58	3.667533616847664
14.59	3.669277027494176
14.600000000000001	3.6709748983658224
14.610000000000001	3.672627715032945
14.620000000000001	3.674235837676961
14.63	3.6757994588977505
14.64	3.6773185620623488
14.65	3.678792880783179
14.66	3.6802218601172125
14.67	3.6816046200707415
14.68	3.68293992198211
14.690000000000001	3.684226138329816
14.700000000000001	3.685461226482072
14.71	3.6866427068655403
14.72	3.6877676459839623
14.73	3.6888326446652107
14.74	3.6898338318575448
14.750000000000002	3.69076686423443
14.760000000000002	3.691626931802432
14.770000000000001	3.6924087696375594
14.780000000000001	3.6931066758101876
14.790000000000001	3.6937145354872962
14.8	3.6942258511340915
14.81	3.6946337786709273
14.82	3.694931169376661
14.830000000000002	3.6951106172690134
14.840000000000002	3.6951645116348484
14.850000000000001	3.695085094329039
14.860000000000001	3.6948645214116516
14.870000000000001	3.6944949286470083
14.88	3.693968500349307
14.89	3.6932775410207617
14.9	3.6924145491995066
14.910000000000002	3.691372292905302
14.920000000000002	3.69014388604944
14.930000000000001	3.6887228651571844
14.940000000000001	3.6871032657363925
14.950000000000001	3.6852796976166067
14.96	3.683247418577277
14.97	3.6810024055827784
14.98	3.6785414229436553
14.99	3.675862086732641
15.000000000000002	3.672962924794947