0.0	1.0
0.01	0.9919542519675917
0.02	0.9684544322218572
0.03	0.9313145296445786
0.04	0.8832521782805878
0.05	0.8275008089171286
0.06	0.7673880010912659
0.07	0.7059611120779458
0.08	0.6457211864867257
0.09	0.5884933421122669
0.1	0.5354267567545895
0.11	0.48709015047456794
0.12	0.44361579593108036
0.13	0.4048477791577959
0.14	0.3704645133200716
0.15	0.3400642423439473
0.16	0.3132180556891242
0.17	0.28950281661020966
0.18	0.2685254178696973
0.19	0.24994280238399932
0.2	0.23347430544810038
0.21	0.21889896779936394
0.22	0.20603304066857606
0.23	0.19469103437747942
0.24	0.1846434576820986
0.25	0.17559073410876685
0.26	0.16717161257758542
0.27	0.15901463312442354
0.28	0.15082547055432388
0.29	0.14248676007664612
0.3	0.13413668935900488
0.31	0.12619300779494871
0.32	0.11930137672180743
0.33	0.11420812079438548
0.34	0.11158100929637954
0.35	0.11182002970622393
0.36	0.11490696541722081
0.37	0.12033531600445652
0.38	0.12714261032597948
0.39	0.13404127256819254
0.4	0.13961964982704433
0.41	0.14256868134165201
0.42	0.14188614085661982
0.43	0.13701946513852922
0.44	0.12792610887354564
0.45	0.11505106506835926
0.46	0.09923849385685232
0.47	0.0816040793416933
0.48	0.0633956395612224
0.49	0.04586353217161329
0.5	0.030153298972153804
0.51	0.017224741582082488
0.52	0.007796828147710392
0.53	0.0023169319899715717
0.54	0.0009543315236155795
0.55	0.0036191040314900963
0.56	0.010006358316051586
0.57	0.019661520196915156
0.58	0.032056368058121974
0.59	0.04666038514104616
0.6	0.06299065831169633
0.61	0.08062778739882141
0.62	0.09919475158013225
0.63	0.11830783466317635
0.64	0.1375194874309109
0.65	0.1562783094154634
0.66	0.17392859447049774
0.67	0.18976115067505656
0.68	0.2031112252976439
0.69	0.21348316904136805
0.7	0.2206702018536211
0.71	0.22483518236773548
0.72	0.22652582487444947
0.73	0.226613399946942
0.74	0.22616311262737657
0.75	0.22626150624316027
0.76	0.22783652290536446
0.77	0.23150661139341477
0.78	0.23748681426348794
0.79	0.24556510002447265
0.8	0.255145935793388
0.81	0.26534485118067336
0.82	0.27511071993228003
0.83	0.28335256464191144
0.84	0.28905340939820084
0.85	0.2913620211299205
0.86	0.28966090320468707
0.87	0.2836131453045061
0.88	0.27319091549438285
0.89	0.258685558915318
0.9	0.2406957533081602
0.91	0.22008850817126185
0.92	0.1979296857340642
0.93	0.17538630820036155
0.94	0.1536106564687053
0.95	0.13362336508341938
0.96	0.11621649754907837
0.97	0.10189595226203443
0.98	0.0908751822111025
0.99	0.0831206921707335
1.0	0.0784371710808479
1.01	0.07657004891883626
1.02	0.07729878521754165
1.03	0.0804968000214284
1.04	0.08614309884646155
1.05	0.0942838577327995
1.06	0.10495586669551249
1.07	0.11809401333676056
1.08	0.13344915177971334
1.09	0.1505397600256803
1.1	0.1686517835931019
1.11	0.1868886970691891
1.12	0.20426160061047768
1.13	0.21980036927895427
1.14	0.23266356450736608
1.15	0.24222734784483058
1.16	0.2481406452605674
1.17	0.25034276379865744
1.18	0.2490477360364239
1.19	0.24470466176931308
1.2	0.2379443186708406
1.21	0.22951989792843727
1.22	0.22024562771823397
1.23	0.21093347206942487
1.24	0.20232683223749748
1.25	0.19503193924908027
1.26	0.1894517420142734
1.27	0.18573175064573258
1.28	0.18373019578261462
1.29	0.1830241169887703
1.3	0.18295787694476076
1.31	0.1827319580515251
1.32	0.18151998810179798
1.33	0.17859375265731542
1.34	0.17343223489750043
1.35	0.16579303734203366
1.36	0.15573265188539026
1.37	0.14357391108194642
1.38	0.1298313020214988
1.39	0.1151141612739112
1.4	0.1000314839210355
1.41	0.08511926951685406
1.42	0.0708030720007721
1.43	0.05739740363290667
1.44	0.04513326110613979
1.45	0.03419829887657262
1.46	0.024772744780702162
1.47	0.0170479250966959
1.48	0.01122150835706905
1.49	0.007471638840733609
1.5	0.005918411259100394
1.51	0.006583964152829631
1.52	0.009361568031876738
1.53	0.0140005037439996
1.54	0.020109068812122634
1.55	0.027174462942228708
1.56	0.03459657186122528
1.57	0.041732679121776924
1.58	0.04795085702847111
1.59	0.052689863904686364
1.6	0.055521873033568495
1.61	0.05621133940025439
1.62	0.054759949874998104
1.63	0.0514257820584723
1.64	0.046706300458859075
1.65	0.04128045445649721
1.66	0.03591416544038525
1.67	0.031343602257563954
1.68	0.028158636947650438
1.69	0.026711723820019132
1.7	0.02707347293629176
1.71	0.029045828139614337
1.72	0.032229622524865525
1.73	0.036129434804601346
1.74	0.040269324196927955
1.75	0.04429111819429886
1.76	0.04801308585388871
1.77	0.05143908360507907
1.78	0.05472269383071797
1.79	0.058102942405211196
1.8	0.06183425052675048
1.81	0.06613184985154164
1.82	0.0711460428571533
1.83	0.07696758697715336
1.84	0.08365615340882432
1.85	0.09127766424658612
1.86	0.09993591836918106
1.87	0.10978855819799185
1.88	0.12104453675539897
1.89	0.13394655099034142
1.9	0.1487448471130785
1.91	0.1656675806928072
1.92	0.18488880973268437
1.93	0.20649097694344484
1.94	0.230417384715446
1.95	0.2564134681592978
1.96	0.2839632349126461
1.97	0.31223638480875665
1.98	0.34006826591025535
1.99	0.36599504993932597
2.0	0.3883582609732404
2.01	0.4054769688067706
2.02	0.4158665182059619
2.03	0.4184655080295997
2.04	0.41282379834504423
2.05	0.3992074770344174
2.06	0.3785922631500762
2.07	0.3525411298565434
2.08	0.32298844682500555
2.09	0.29197420494915016
2.1	0.26138191088215856
2.11	0.2327299289158813
2.12	0.20704998656780754
2.13	0.18486340931768325
2.14	0.16624237968077432
2.15	0.15092660785771078
2.16	0.13845921565807773
2.17	0.1283097467679871
2.18	0.11996402618851335
2.19	0.11297507950976585
2.2	0.10698138348258866
2.21	0.10170495328088304
2.22	0.09694148117120538
2.23	0.0925498286548608
2.24	0.08844205202505932
2.25	0.08457114989351733
2.26	0.0809137058798126
2.27	0.0774482127665343
2.28	0.0741348439376593
2.29	0.07090571474722192
2.3	0.06767382118992321
2.31	0.06436325575954441
2.32	0.06095461591117728
2.33	0.05753107000849235
2.34	0.05430605697352506
2.35	0.051615654105229704
2.36	0.049867529794617796
2.37	0.04945176247100778
2.38	0.050632388625656305
2.39	0.05344762330664949
2.4	0.05764780333024202
2.41	0.06269231115156937
2.42	0.06781207651173073
2.43	0.072127071031043
2.44	0.07479371283774057
2.45	0.07514959757195196
2.46	0.07282447898133135
2.47	0.06779606343619746
2.48	0.06038362827973451
2.49	0.051187181412247734
2.5	0.04099067189307182
2.51	0.030652161819331045
2.52	0.021001733166991325
2.53	0.012761170423286426
2.54	0.0064911965486465035
2.55	0.002565178044360654
2.56	0.001164499052001596
2.57	0.0022903269322981376
2.58	0.005787949627212118
2.59	0.011381368807845871
2.6	0.018715889324559823
2.61	0.02740468371592425
2.62	0.0370726453848857
2.63	0.047389018336725014
2.64	0.058081014439701345
2.65	0.06892466761676443
2.66	0.07971584084487744
2.67	0.09023152830822914
2.68	0.1001966476085407
2.69	0.10927204836489471
2.7	0.11707451469768194
2.71	0.12323007374657616
2.72	0.12745066041324196
2.73	0.1296147637891854
2.74	0.1298284113824264
2.75	0.12844554635086014
2.76	0.1260361561161178
2.77	0.1233038696480189
2.78	0.1209682791526388
2.79	0.11963693984548124
2.8	0.11969503603107348
2.81	0.12123630749551642
2.82	0.12404849427154184
2.83	0.12765346303020578
2.84	0.13139012099568603
2.85	0.13452038975274883
2.86	0.13633653276519309
2.87	0.13625170866181338
2.88	0.13386284031466578
2.89	0.1289829870595815
2.9	0.12164683178080765
2.91	0.11209609574035355
2.92	0.10075155136832158
2.93	0.08817595793616868
2.94	0.07502950763628827
2.95	0.06201792735681739
2.96	0.049834118696819044
2.97	0.03909689401371822
2.98	0.030293746979890682
2.99	0.02373697922440521
3.0	0.01954241641595847
3.01	0.017636750062846436
3.02	0.017793743452696797
3.03	0.019692667658994613
3.04	0.02298645559943163
3.05	0.02736409473777737
3.06	0.032592840686554346
3.07	0.038530849869489625
3.08	0.04510852259784108
3.09	0.05228511290497205
3.1	0.059993696686807846
3.11	0.06809058545433544
3.12	0.07632394075628234
3.13	0.08433112912202752
3.14	0.0916667788103056
3.15	0.09785567987042362
3.16	0.10245870520493404
3.17	0.10513729189490205
3.18	0.10570317292806561
3.19	0.10414436758890513
3.2	0.1006244747142399
3.21	0.09545826817129058
3.22	0.08907088037061964
3.23	0.08194955778036588
3.24	0.07459605354338716
3.25	0.06748497579089355
3.26	0.061030111723115246
3.27	0.055558185948462145
3.28	0.05128853655489277
3.29	0.04831793375228498
3.3	0.046611619354868045
3.31	0.04600351986777593
3.32	0.04620934802444792
3.33	0.04685520855854078
3.34	0.04752135691267618
3.35	0.04779668017520961
3.36	0.0473355983757241
3.37	0.04590684713666434
3.38	0.04342402682847691
3.39	0.03995111571181526
3.4	0.035681633404989394
3.41	0.030896334017304888
3.42	0.025909420471954717
3.43	0.021015776829230216
3.44	0.016450849379098038
3.45	0.012370827949521329
3.46	0.008854893188368861
3.47	0.005925273011479851
3.48	0.0035764549889208243
3.49	0.0018033278931847089
3.5	0.000619547019739199
3.51	6.133316333674715e-5
3.52	0.00017683492752224088
3.53	0.0010055193521399987
3.54	0.0025545550644796833
3.55	0.004779282544778245
3.56	0.007572923184896304
3.57	0.010767597728424196
3.58	0.01414568060758713
3.59	0.0174584748173486
3.6	0.020448577788142974
3.61	0.02287291657463684
3.62	0.02452459109622239
3.63	0.025252588672816042
3.64	0.024978587372802293
3.65	0.023709414386473518
3.66	0.02154274727164196
3.67	0.018663111576347716
3.68	0.015325835945288219
3.69	0.011828643905582019
3.7	0.008473633960792648
3.71	0.005525608926781554
3.72	0.0031748852681610586
3.73	0.0015128557161203497
3.74	0.0005263028321247507
3.75	0.00011218980501950243
3.76	0.00010954522406584312
3.77	0.0003406469626748995
3.78	0.0006513947859561624
3.79	0.0009413110074915627
3.8	0.0011768783012025183
3.81	0.0013868846895393253
3.82	0.0016435262431580737
3.83	0.002036637304752039
3.84	0.002649521030927278
3.85	0.0035432555558972934
3.86	0.004752772659436197
3.87	0.006293782818981332
3.88	0.008176209419990692
3.89	0.010418251800366561
3.9	0.013055825162465876
3.91	0.01614441839470802
3.92	0.019753298839116157
3.93	0.023954301439712403
3.94	0.02880835350228817
3.95	0.03435227452540803
3.96	0.040586816708749904
3.97	0.04746537302342738
3.98	0.05488224753030795
3.99	0.06266034915169877
4.0	0.07054038272480935
4.01	0.07817611448773114
4.02	0.08514177628687486
4.03	0.09095701505232176
4.04	0.09513155810016152
4.05	0.09722649413435866
4.06	0.09692321676010394
4.07	0.09408657255740298
4.08	0.08880735743480678
4.09	0.08141195099629947
4.1	0.07243327975022161
4.11	0.06254593401236211
4.12	0.052476793626969304
4.13	0.04290850791018189
4.14	0.03439486504777362
4.15	0.027303963430013924
4.16	0.021798070742423452
4.17	0.017850167322530343
4.18	0.015288936798396366
4.19	0.013858598678887838
4.2	0.013278688185726141
4.21	0.013291598389537994
4.22	0.013691129191332365
4.23	0.014331478683657873
4.24	0.01512111470412035
4.25	0.01600847896521422
4.26	0.016966219779453912
4.27	0.01797833371337013
4.28	0.019031553360068135
4.29	0.02010993117222208
4.3	0.02119073155299963
4.31	0.02224054980469852
4.32	0.023212347366766882
4.33	0.024045713289663886
4.34	0.024673086146415092
4.35	0.025033389787304648
4.36	0.02509182303259519
4.37	0.02486137573618489
4.38	0.024419337877472004
4.39	0.02391176062528356
4.4	0.023541005474900942
4.41	0.02353577819832898
4.42	0.024108185961902555
4.43	0.02540676179114046
4.44	0.027476588953021363
4.45	0.030236797231055948
4.46	0.03348190917131448
4.47	0.03690782382928761
4.48	0.04015726407628202
4.49	0.0428749646167158
4.5	0.04476096150447313
4.51	0.045611449825718665
4.52	0.045340296981265404
4.53	0.043979246013145734
4.54	0.04165966647146817
4.55	0.03858216151080878
4.56	0.03498172567369483
4.57	0.03109546374332291
4.58	0.02713770935082691
4.59	0.0232846157764622
4.6	0.019667802274164963
4.61	0.016375010753087164
4.62	0.013455135231310273
4.63	0.010925242276953736
4.64	0.008777913863924595
4.65	0.0069880177703773244
4.66	0.005518587199170442
4.67	0.004325803125278347
4.68	0.0033631951812768163
4.69	0.0025852272991026817
4.7	0.00195047909368934
4.71	0.0014246496008826358
4.72	0.0009835148711182268
4.73	0.0006157034020213278
4.74	0.0003247477240577049
4.75	0.00012948282584426032
4.76	6.172367268033716e-5
4.77	0.0001604655729101266
4.78	0.00046266606098297906
4.79	0.000991821579209586
4.8	0.0017466848008452487
4.81	0.0026931343380404192
4.82	0.0037620474778022064
4.83	0.004854929407948925
4.84	0.005857232171077208
4.85	0.00665725564341512
4.86	0.007166889187257866
4.87	0.007339763451629195
4.88	0.007182883874888446
4.89	0.006759368186559073
4.9	0.006182020692322913
4.91	0.005599484257882833
4.92	0.005178020770187479
4.93	0.005082266618524678
4.94	0.0054576606130024565
4.95	0.006416056273136107
4.96	0.00802487762978897
4.97	0.010299546377680385
4.98	0.013199001223331945
4.99	0.016624778542051695
5.0	0.020424857802689704
5.01	0.024403730575292652
5.02	0.028339524085932932
5.03	0.03200746125725536
5.04	0.0352068630656874
5.05	0.037787013418463244
5.06	0.039666300784705864
5.07	0.0408396807131802
5.08	0.041371749424962176
5.09	0.04137610076416799
5.1	0.04098523156137859
5.11	0.040317976802063095
5.12	0.039452404651815244
5.13	0.03841089476325021
5.14	0.037161026117959316
5.15	0.03563176469233659
5.16	0.03374044504843367
5.17	0.03142332061080434
5.18	0.028661757532075685
5.19	0.025497594109891386
5.2	0.022034275839422218
5.21	0.018424146488835363
5.22	0.01484564166516023
5.23	0.01147620255189518
5.24	0.008467084347187548
5.25	0.005924990078845144
5.26	0.0039031844844854367
5.27	0.002402219745019151
5.28	0.0013783647371730825
5.29	0.0007567228762570906
5.3	0.0004459229370728283
5.31	0.00035191129156038114
5.32	0.0003893246148925229
5.33	0.0004897617910607111
5.34	0.0006067648897894875
5.35	0.0007174666693519561
5.36	0.0008208640894048491
5.37	0.0009327932756321207
5.38	0.0010780807863260953
5.39	0.0012810050355990385
5.4	0.0015558938083718706
5.41	0.0019000704329804735
5.42	0.0022911456164462626
5.43	0.0026897313190144584
5.44	0.0030472018139201477
5.45	0.003316570217058801
5.46	0.00346342608147985
5.47	0.0034736471491455456
5.48	0.003355441745924525
5.49	0.003135012341725677
5.5	0.002847232793415001
5.51	0.0025245038588196907
5.52	0.0021877615737783073
5.53	0.0018431263531550504
5.54	0.0014859962267780862
5.55	0.0011120224778318761
5.56	0.0007321264147107184
5.57	0.00038727233707975113
5.58	0.00015857179831492424
5.59	0.00016947582836759808
5.6	0.0005788797046043831
5.61	0.001566197849021449
5.62	0.0033111330964134657
5.63	0.005971503106323071
5.64	0.009662077012758914
5.65	0.014436331018278611
5.66	0.020272008053089846
5.67	0.02706095666485178
5.68	0.03460417371991949
5.69	0.04261400796546882
5.7	0.0507264071557003
5.71	0.0585260260362339
5.72	0.06558533359361748
5.73	0.07151552358446885
5.74	0.0760227655989096
5.75	0.07895948714716854
5.76	0.08035851986413903
5.77	0.08043928746017558
5.78	0.07958008408042223
5.79	0.07825804779465972
5.8	0.0769667805869321
5.81	0.07612826549441104
5.82	0.07601856571624648
5.83	0.07672453053524314
5.84	0.07814163785259766
5.85	0.08001295286820038
5.86	0.08199879752182873
5.87	0.0837591099248506
5.88	0.08502785688613893
5.89	0.08566196759076279
5.9	0.08565504846590495
5.91	0.08511616210185491
5.92	0.08422314003015577
5.93	0.08316558447325226
5.94	0.08209349399435513
5.95	0.08108358860501029
5.96	0.08012866522405328
5.97	0.07914822577496815
5.98	0.07801356376728313
5.99	0.07657883125782555
6.0	0.07471124918373964
6.01	0.07231717641724253
6.02	0.06936416889637105
6.03	0.06590063791334552
6.04	0.06207348981638771
6.05	0.058140824086657064
6.06	0.05447317282300948
6.07	0.05153509841793329
6.08	0.04984089815064716
6.09	0.04988401551811552
6.1	0.05204817091824601
6.11	0.056516509039119804
6.12	0.06320008749986934
6.13	0.07170639025976648
6.14	0.08136152098675072
6.15	0.09128772586558438
6.16	0.10052412190115668
6.17	0.10816700913811243
6.18	0.11350047300638005
6.19	0.1160900008834983
6.2	0.11582106541392458
6.21	0.11287838153428706
6.22	0.1076757948732328
6.23	0.10075745444296297
6.24	0.09269527291352159
6.25	0.0840049926720056
6.26	0.07509495430393494
6.27	0.06625095863801461
6.28	0.05765089756039958
6.29	0.049396820831132685
6.3	0.04155094059491345
6.31	0.03416511369454805
6.32	0.027298634144579125
6.33	0.021024345393107317
6.34	0.015426311260115826
6.35	0.010592906794222486
6.36	0.006607820419106352
6.37	0.0035395384176311624
6.38	0.0014289116861887561
6.39	0.00027519077997323343
6.4	2.31700558527029e-5
6.41	0.0005565372514854268
6.42	0.0017035203657938354
6.43	0.003259215119657526
6.44	0.0050244147850194674
6.45	0.006854539780253358
6.46	0.008706578981875204
6.47	0.010669224812112226
6.48	0.012963269477623055
6.49	0.015905974265605183
6.5	0.019842925703790152
6.51	0.025060929929753544
6.52	0.031702482298285484
6.53	0.03970378063737279
6.54	0.04877333160925034
6.55	0.058418189308696876
6.56	0.06801270474981332
6.57	0.07689400884527012
6.58	0.0844624420971549
6.59	0.09026537102217855
6.6	0.0940488410383592
6.61	0.09577104915337936
6.62	0.09558146567729986
6.63	0.09377658310838605
6.64	0.09074593828759847
6.65	0.08692020227683353
6.66	0.0827283256803736
6.67	0.07856538157058059
6.68	0.07476912856228438
6.69	0.07160262080559432
6.7	0.06924213639339787
6.71	0.06777271355930697
6.72	0.06719556577936481
6.73	0.06745091371732587
6.74	0.06845588597619288
6.75	0.07015120199026825
6.76	0.07254467190923278
6.77	0.07573677205869543
6.78	0.07991558239460833
6.79	0.08531549209280541
6.8	0.09214465736350799
6.81	0.10049708055075718
6.82	0.11027270598243144
6.83	0.1211301812780295
6.84	0.1324908260380951
6.85	0.14360012163846284
6.86	0.1536379691873783
6.87	0.1618554014236577
6.88	0.16770741812509818
6.89	0.1709515830429983
6.9	0.17169004324499818
6.91	0.17034637959041848
6.92	0.16758421313764885
6.93	0.164187440813727
6.94	0.16092898670646158
6.95	0.158454614143354
6.96	0.15720148434798528
6.97	0.15736044689562884
6.98	0.15888001691978051
6.99	0.16150180678308065
7.0	0.16481367521876364
7.01	0.16830808979093304
7.02	0.1714376267440753
7.03	0.17366474255619355
7.04	0.17450663361641525
7.05	0.1735768048034332
7.06	0.17062295116992826
7.07	0.16555726687336433
7.08	0.1584723684639519
7.09	0.1496355264040513
7.1	0.1394567660677927
7.11	0.1284321895626762
7.12	0.11707088477719997
7.13	0.10581963506133203
7.14	0.09500209860192267
7.15	0.0847869401078461
7.16	0.07519279723207076
7.17	0.06612864875888877
7.18	0.05745878373409855
7.19	0.0490749354321944
7.2	0.04095625418336304
7.21	0.033201244637855926
7.22	0.02602357161515244
7.23	0.019713455229646477
7.24	0.014575387860468907
7.25	0.010858607483713981
7.26	0.008697734181691789
7.27	0.008077265342238668
7.28	0.008826641995993924
7.29	0.01064459561860527
7.3	0.013144796756604014
7.31	0.015911140959288177
7.32	0.018550901376669177
7.33	0.020736858264985288
7.34	0.022233955993392052
7.35	0.022910361224848925
7.36	0.022735688945560443
7.37	0.021770096848065693
7.38	0.020147262928348685
7.39	0.01805291176360355
7.4	0.01569962803045485
7.41	0.01329890864301061
7.42	0.01103277697178668
7.43	0.009029122632124421
7.44	0.007346137107658202
7.45	0.00597077611218332
7.46	0.004833662036416809
7.47	0.0038386740754106385
7.48	0.0029008921996968597
7.49	0.0019831982082300632
7.5	0.0011211241218064911
7.51	0.00042811796624566014
7.52	7.87889358814755e-5
7.53	0.000274357149590292
7.54	0.0012003326664726565
7.55	0.002989376142879291
7.56	0.0057011915257790076
7.57	0.009326320961057673
7.58	0.013813326502999528
7.59	0.019111388528399966
7.6	0.02521524482990764
7.61	0.032198304669599324
7.62	0.040223032811172926
7.63	0.049524194488527885
7.64	0.060368118723312325
7.65	0.07299733418223744
7.66	0.08757291603268962
7.67	0.10412604066086707
7.68	0.12252636781115012
7.69	0.14246977703033079
7.7	0.16348376584784036
7.71	0.18494696488955906
7.72	0.2061200233089114
7.73	0.22618752539477668
7.74	0.24431270349321893
7.75	0.25970658784930684
7.76	0.2717098712787053
7.77	0.2798796849863775
7.78	0.2840667462129196
7.79	0.2844639104531625
7.8	0.2816077866734989
7.81	0.27632210298724336
7.82	0.26960411007733753
7.83	0.2624704225264009
7.84	0.25579183450505977
7.85	0.2501533036937752
7.86	0.24577253234129826
7.87	0.24249818134578816
7.88	0.23988958076369513
7.89	0.23735904822745854
7.9	0.23434159602553553
7.91	0.23044979995708242
7.92	0.22557610903792186
7.93	0.2199196120715894
7.94	0.21393485410535276
7.95	0.20822061762818334
7.96	0.20338079258439637
7.97	0.19989381275477447
7.98	0.19802110842691983
7.99	0.19777133812989434
8.0	0.1989207027724155
8.01	0.2010757057703571
8.02	0.20375718737397763
8.03	0.20648459356235124
8.04	0.20884567658556985
8.05	0.2105456225195873
8.06	0.21143696809623874
8.07	0.21153478989683347
8.08	0.21101995883349686
8.09	0.21022856622983993
8.1	0.2096212692655376
8.11	0.20972560129362483
8.12	0.21104903700023073
8.13	0.21397009908953143
8.14	0.2186259143714228
8.15	0.22482288930685945
8.16	0.23199844568000808
8.17	0.23925398241354345
8.18	0.24546345281766063
8.19	0.24944225902911354
8.2	0.2501434799893533
8.21	0.2468385503241075
8.22	0.23924103104640412
8.23	0.227545199865031
8.24	0.21237230785536393
8.25	0.19464038044873797
8.26	0.17539165289391176
8.27	0.15561996754380508
8.28	0.13613677928757162
8.29	0.11750060862344075
8.3	0.10001563898951896
8.31	0.08378674583405807
8.32	0.06880586505669194
8.33	0.05504111423980237
8.34	0.04250517834931233
8.35	0.03129015647961587
8.36	0.02156797000742345
8.37	0.013564529458173392
8.38	0.0075198703612389395
8.39	0.003645452782854008
8.4	0.002085790709431539
8.41	0.002887367467400811
8.42	0.005975686336441106
8.43	0.011142014704192594
8.44	0.01804380081319324
8.45	0.02622456408925551
8.46	0.035157963323969435
8.47	0.04431565292627578
8.48	0.05325035811685762
8.49	0.061677116747654095
8.5	0.06953052532602225
8.51	0.07697715714417522
8.52	0.08437115583549273
8.53	0.09215566857933505
8.54	0.10072914306443942
8.55	0.1103082735746149
8.56	0.12082390934488717
8.57	0.1318802841517572
8.58	0.14279258791902927
8.59	0.1526974296396043
8.6	0.16071121821145454
8.61	0.16609882973382467
8.62	0.16841290324191996
8.63	0.16757308981400432
8.64	0.1638714784519644
8.65	0.15790979190300086
8.66	0.15048988394257432
8.67	0.1424872004995863
8.68	0.1347357053891261
8.69	0.12794400322775343
8.7	0.12265001333419713
8.71	0.11921023220207559
8.72	0.11781295350559128
8.73	0.11850406423434477
8.74	0.12121791597867576
8.75	0.12581120743976335
8.76	0.13210142212886802
8.77	0.1399109592829807
8.78	0.14911367945596657
8.79	0.15967436866745985
8.8	0.17166708720149543
8.81	0.1852587373327429
8.82	0.20065093191523287
8.83	0.21798523838505543
8.84	0.23723052851861734
8.85	0.25808162160298415
8.86	0.279901276399772
8.87	0.3017306688031993
8.88	0.32237777061167594
8.89	0.34057260724711425
8.9	0.3551591874489205
8.91	0.36528190386543763
8.92	0.3705233354429947
8.93	0.3709612382267833
8.94	0.36713211485934194
8.95	0.35991149755226776
8.96	0.3503405175041983
8.97	0.3394392011548229
8.98	0.3280467328822886
8.99	0.31671853503796077
9.0	0.3056932358843147
9.01	0.2949247151973157
9.02	0.2841604925248446
9.03	0.27304101253922675
9.04	0.26119554152898244
9.05	0.24831758325909886
9.06	0.23421254978717695
9.07	0.218819257462412
9.08	0.20221206651834464
9.09	0.18459132582322704
9.1	0.16626720033066006
9.11	0.1476380889625608
9.12	0.1291619982023005
9.13	0.11131895899962377
9.14	0.09456506055173906
9.15	0.07928279911547806
9.16	0.06573627843498019
9.17	0.05404144452838834
9.18	0.04415987685855829
9.19	0.03591981512258585
9.2	0.02906140966114506
9.21	0.023296711839085587
9.22	0.01837074309657424
9.23	0.014109466573823894
9.24	0.010443847856728868
9.25	0.007405445314687609
9.26	0.00509627991898048
9.27	0.0036420169391413065
9.28	0.003141068591621733
9.29	0.003622297051481179
9.3	0.0050208134375876665
9.31	0.00717607341007431
9.32	0.009850684961676126
9.33	0.012763653640729289
9.34	0.015629293469482424
9.35	0.018193082999725375
9.36	0.02025794574446776
9.37	0.02169784057143818
9.38	0.02245902174138043
9.39	0.022551897058060575
9.4	0.022037538346768602
9.41	0.02101258268298508
9.42	0.019594974181075
9.43	0.017911450160192605
9.44	0.016086559524340592
9.45	0.014232723683249397
9.46	0.012441406547711349
9.47	0.010776451757152855
9.48	0.009271449705028962
9.49	0.00793302690474035
9.5	0.006750913055861705
9.51	0.005713698985142042
9.52	0.004826961409196705
9.53	0.004128768138190074
9.54	0.0036973041371621807
9.55	0.0036468956359655596
9.56	0.004111857193137441
9.57	0.005221501400168947
9.58	0.007073071009243989
9.59	0.009711006535014846
9.6	0.013120033667125374
9.61	0.01723603674250759
9.62	0.021973469963334373
9.63	0.02726271247047749
9.64	0.033087041386214405
9.65	0.03950810280488477
9.66	0.04667131744175044
9.67	0.05478787400776022
9.68	0.06409624073701106
9.69	0.07481149373218479
9.7	0.08707356597099555
9.71	0.10090502282903459
9.72	0.11618559747610481
9.73	0.13264589999835724
9.74	0.14987830170262037
9.75	0.1673605314371305
9.76	0.18448760264845399
9.77	0.20060972500515822
9.78	0.21507630721955748
9.79	0.2272872249543071
9.8	0.23675098138352707
9.81	0.24314523992700393
9.82	0.2463698960426771
9.83	0.2465788168528266
9.84	0.24417613348994308
9.85	0.23976802745047512
9.86	0.23407096723694637
9.87	0.22778992512670918
9.88	0.22149136165837421
9.89	0.2155015871471847
9.9	0.20985861625759472
9.91	0.2043343857818328
9.92	0.19852665499398714
9.93	0.19200084004218615
9.94	0.18444716025993452
9.95	0.17581258737486744
9.96	0.1663724182526946
9.97	0.15672165129541166
9.98	0.1476873984340928
9.99	0.14018415582687122
10.0	0.13504788511421534
