0.	1.
0.01	0.9964098213532196
0.02	0.9857562512775825
0.03	0.968383587748432
0.04	0.9448441414140079
0.05	0.9158675954727352
0.06	0.8823212497227472
0.07	0.8451639803195992
0.08	0.8053971447538372
0.09	0.764015800777315
0.1	0.7219634804912195
0.11	0.6800933811941657
0.12	0.6391382386640109
0.13	0.5996903899541769
0.14	0.5621926781783063
0.15	0.526939974863135
0.16	0.4940902705657978
0.17	0.46368357996505566
0.18	0.43566638013837267
0.19	0.4099189902582006
0.2	0.3862832277093712
0.21	0.3645878386320909
0.22	0.344669578345407
0.23	0.3263883687524668
0.24	0.309635630873499
0.25	0.2943356169053966
0.26	0.28044027999905785
0.27	0.2679188562556949
0.28	0.25674383568596476
0.29	0.24687532383596567
0.3	0.23824591726639827
0.31	0.23074812695532324
0.32	0.22422609623863324
0.33	0.21847290429237648
0.34	0.2132341674720873
0.35	0.2082180046874931
0.36	0.20311078038374197
0.37	0.19759744034386081
0.38	0.19138476640286084
0.39	0.18422554064140914
0.4	0.17594145763203967
0.41000000000000003	0.16644266785865763
0.42000000000000004	0.15574207172074397
0.43	0.14396288966213167
0.44	0.13133857314750458
0.45	0.11820474530491216
0.46	0.1049835140188932
0.47	0.092161127150416
0.48	0.08026048558511958
0.49	0.06981044901022031
0.5	0.06131412744654879
0.51	0.0552184288454738
0.52	0.05188702562798322
0.53	0.051578622906729654
0.54	0.05443198477846453
0.55	0.06045864082188397
0.56	0.06954359932149626
0.5700000000000001	0.08145378728573006
0.5800000000000001	0.09585337008776858
0.5900000000000001	0.11232462082085241
0.6000000000000001	0.13039264801539513
0.61	0.1495520756207761
0.62	0.16929371334057017
0.63	0.1891293569921073
0.64	0.20861310287014653
0.65	0.22735792107334055
0.66	0.2450466756271456
0.67	0.26143726384026716
0.68	0.276362031758539
0.6900000000000001	0.28972206684386886
0.7	0.30147733836977275
0.71	0.3116339237311584
0.72	0.3202297080456324
0.73	0.3273199690608334
0.74	0.3329641642857751
0.75	0.3372150371023268
0.76	0.3401108761380504
0.77	0.3416714258466535
0.78	0.3418975874481251
0.79	0.3407746996203193
0.8	0.3382788764912828
0.81	0.33438563051512227
0.8200000000000001	0.3290798370100501
0.8300000000000001	0.3223660150511199
0.8400000000000001	0.31427790755275914
0.85	0.3048864356190244
0.86	0.2943052658607777
0.87	0.28269344661154877
0.88	0.2702548188806748
0.89	0.2572341683691954
0.9	0.24391033464518716
0.91	0.2305867138624931
0.92	0.21757976733061457
0.9299999999999999	0.2052062697140388
0.94	0.19377009275492757
0.95	0.18354932336268495
0.96	0.17478446344079748
0.97	0.1676683613395394
0.98	0.16233839230531802
0.99	0.15887125006509106
1.	0.15728054622640975
1.01	0.15751725010707154
1.02	0.1594728488657419
1.03	0.16298497410270218
1.04	0.16784513170518123
1.05	0.17380808948842186
1.06	0.1806024228732748
1.07	0.187941691505863
1.08	0.1955357172744851
1.0899999999999999	0.2031014538966603
1.1	0.21037297724382634
1.1099999999999999	0.21711018109972832
1.1199999999999999	0.2231058326752912
1.13	0.2281907237924985
1.14	0.23223674521201634
1.15	0.23515781101037042
1.16	0.23690866469390373
1.17	0.2374817056564857
1.18	0.2369020795524284
1.19	0.23522137414504374
1.2	0.23251034739459067
1.21	0.2288511806940859
1.22	0.22432979101517156
1.23	0.21902874573400555
1.24	0.2130212988936831
1.25	0.2063670055186338
1.26	0.19910927187374727
1.27	0.19127506784949602
1.28	0.18287686972528983
1.29	0.1739167271872812
1.3	0.16439216991492422
1.31	0.15430350023325673
1.32	0.14366187377280898
1.33	0.13249746363510775
1.34	0.12086694708740939
1.35	0.10885955591460741
1.36	0.09660099653411847
1.37	0.0842546730572889
1.3800000000000001	0.0720198294775595
1.3900000000000001	0.060126454626338914
1.4	0.04882704936740847
1.4100000000000001	0.03838562006900968
1.42	0.029064514037962473
1.43	0.021109929417185008
1.44	0.014737093811213688
1.45	0.010116195951161823
1.46	0.0073601616138439215
1.47	0.006515283867190687
1.48	0.007555550920686156
1.49	0.010381272262076042
1.5	0.01482230215266933
1.51	0.02064582151868033
1.52	0.02756829147007293
1.53	0.03527086266215598
1.54	0.043417242530652024
1.55	0.05167281212347386
1.56	0.05972366556346485
1.57	0.06729423062148247
1.58	0.0741622224010615
1.59	0.08016987847400613
1.6	0.08523070866768642
1.61	0.08933134374655896
1.62	0.09252845579423052
1.6300000000000001	0.0949411165679312
1.6400000000000001	0.09673932466290908
1.6500000000000001	0.09812973597555134
1.6600000000000001	0.09933984735932055
1.6700000000000002	0.10060199043441523
1.6800000000000002	0.10213848036528743
1.6900000000000002	0.10414913260362416
1.7000000000000002	0.10680211936787526
1.7100000000000002	0.11022880730639112
1.7200000000000002	0.11452282714788867
1.73	0.119743210030298
1.7400000000000002	0.12592102153349252
1.75	0.13306857084567295
1.76	0.14119000287612876
1.77	0.15029192251229384
1.78	0.160392670115754
1.79	0.1715289719212463
1.8	0.18375892220466483
1.81	0.19716059790968274
1.82	0.21182603220543914
1.83	0.22785074419212126
1.84	0.24531949547255244
1.85	0.26428937683021875
1.86	0.2847716784374788
1.87	0.30671422966686795
1.8800000000000001	0.32998598399051743
1.8900000000000001	0.35436555697523375
1.9000000000000001	0.37953520094823917
1.9100000000000001	0.40508133240369293
1.92	0.4305022445962741
1.93	0.45522307598812967
1.94	0.4786175111694317
1.95	0.5000351145226631
1.96	0.5188326879910984
1.97	0.5344076480110568
1.98	0.5462311695327946
1.99	0.5538787716831871
2.	0.5570561302956551
2.01	0.5556181920783619
2.02	0.5495801131903633
2.03	0.5391191173161003
2.04	0.5245670198917586
2.05	0.5063938436621619
2.06	0.4851836011743319
2.07	0.4616038890111417
2.08	0.436371379908152
2.09	0.41021557630356037
2.1	0.3838432799729762
2.11	0.3579061304987407
2.12	0.3329732800025048
2.13	0.30951082788618395
2.14	0.2878690756350574
2.15	0.26827802635617065
2.16	0.25085090071721156
2.17	0.23559482540391738
2.1799999999999997	0.22242732343638175
2.19	0.21119684074379902
2.2	0.20170531139681772
2.21	0.19373071132896946
2.2199999999999998	0.18704767778048545
2.23	0.18144456373595055
2.24	0.176735723596877
2.25	0.17276834692900772
2.2600000000000002	0.16942372225183824
2.27	0.16661337007043966
2.2800000000000002	0.1642709826881234
2.29	0.16234150279551193
2.3000000000000003	0.16076892845028243
2.31	0.1594845269970117
2.3200000000000003	0.15839706787250826
2.33	0.15738645273552845
2.3400000000000003	0.15630175417527883
2.35	0.15496420697856092
2.3600000000000003	0.15317517318651655
2.37	0.1507285734595332
2.3800000000000003	0.14742679244515414
2.39	0.1430986705486032
2.4000000000000004	0.13761792602361234
2.41	0.13092023520814347
2.4200000000000004	0.12301724662177996
2.43	0.1140060131527264
2.4400000000000004	0.10407267774268404
2.45	0.09348971099280615
2.4600000000000004	0.08260653309562757
2.47	0.07183391028155063
2.4800000000000004	0.06162304836548511
2.49	0.05244076619628038
2.5	0.04474247961177892
2.5100000000000002	0.03894493173792187
2.5200000000000005	0.035400650671789366
2.5300000000000002	0.034375997390138954
2.54	0.036034396011650434
2.5500000000000003	0.04042593932090849
2.56	0.04748406958431983
2.57	0.057029490629248995
2.58	0.06878091817899952
2.59	0.0823717674694203
2.6	0.09737145180680765
2.61	0.11330965665473328
2.62	0.12970178407543118
2.63	0.14607374245894345
2.64	0.16198438391893716
2.65	0.17704415143336355
2.66	0.19092886376201051
2.67	0.20338800403113746
2.68	0.21424734817363916
2.69	0.22340623117430733
2.7	0.23083016343901958
2.71	0.23653984318890084
2.72	0.2405978383950439
2.73	0.24309431838457005
2.74	0.2441331969545798
2.75	0.24381991278618792
2.7600000000000002	0.2422518363495901
2.77	0.23951198066643273
2.7800000000000002	0.2356663371678649
2.79	0.23076479100683575
2.8	0.2248452256520093
2.81	0.2179401341371849
2.8200000000000003	0.21008483781824325
2.83	0.20132628900134344
2.84	0.19173140859588825
2.85	0.1813939821385689
2.86	0.17043929669761507
2.87	0.15902592961801262
2.88	0.14734437477491844
2.8899999999999997	0.13561248686873517
2.9	0.12406801261931773
2.9099999999999997	0.11295873458356331
2.92	0.10253095771256235
2.9299999999999997	0.09301720522076362
2.94	0.08462405002745431
2.9499999999999997	0.0775209891705923
2.96	0.07183117622894757
2.9699999999999998	0.06762467196326771
2.98	0.06491467183397784
2.9899999999999998	0.06365693954636462
3.	0.06375243831832413
3.01	0.06505292558899832
3.02	0.06736907961295267
3.03	0.07048057151251323
3.04	0.07414739315503763
3.05	0.07812170406439667
3.06	0.08215946898778304
3.07	0.08603121683012459
3.08	0.08953135293954126
3.09	0.09248558911889333
3.1	0.0947562068070552
3.11	0.09624502597307082
3.12	0.09689410362257336
3.13	0.09668432140333257
3.1399999999999997	0.09563213395590837
3.15	0.09378483341780812
3.16	0.09121473861835327
3.17	0.08801274027271548
3.1799999999999997	0.08428162827195289
3.19	0.0801295978975264
3.2	0.07566428334486824
3.21	0.07098760458032892
3.22	0.06619164242073033
3.23	0.061355681471682376
3.24	0.056544485138803814
3.25	0.05180779450541587
3.2600000000000002	0.047180975895202114
3.27	0.04268668227406328
3.2800000000000002	0.03833734276806524
3.29	0.03413825376053513
3.3000000000000003	0.030091015499041536
3.31	0.026197041114176683
3.3200000000000003	0.022460861617863447
3.33	0.018892961837426513
3.3400000000000003	0.015511909007472648
3.35	0.01234557790865822
3.3600000000000003	0.009431333145305915
3.37	0.006815098425792481
3.3800000000000003	0.004549321362421993
3.39	0.0026899259426160864
3.4000000000000004	0.0012924279950673535
3.41	0.0004074655109823304
3.4200000000000004	0.00007605914439246501
3.43	0.0003249624690038195
3.4400000000000004	0.0011624813901451806
3.45	0.0025751337945721063
3.46	0.0045254824005448524
3.47	0.006951406585421208
3.4800000000000004	0.00976698603258814
3.49	0.012865056171632859
3.5	0.016121370581889113
3.5100000000000002	0.01940017840247645
3.52	0.022560905807247584
3.53	0.02546553017986525
3.54	0.027986163180004534
3.55	0.030012321922305116
3.56	0.03145737077771628
3.57	0.032263661341972644
3.58	0.0324059827960387
3.59	0.03189305353681922
3.6	0.030766928700775825
3.61	0.02910035561796306
3.62	0.02699226729795766
3.63	0.02456174926231678
3.64	0.02194093462875274
3.65	0.019267365458055834
3.66	0.016676397086488774
3.67	0.014294212329328145
3.68	0.012231954135273549
3.69	0.010581382912935207
3.7	0.009412326798091715
3.71	0.008772031410966571
3.72	0.008686344362216249
3.73	0.009162504228948315
3.74	0.010193159019235265
3.75	0.011761128734988406
3.76	0.013844361108411533
3.77	0.016420515606100687
3.7800000000000002	0.019470650462654813
3.79	0.02298157805588003
3.8	0.02694658789906851
3.81	0.03136440232110698
3.82	0.036236412812689286
3.83	0.04156242845427387
3.84	0.0473353348284753
3.8499999999999996	0.05353519650359362
3.86	0.06012342527875014
3.8699999999999997	0.06703767044302358
3.88	0.07418806159137983
3.8899999999999997	0.0814553495697784
3.9	0.08869135269027716
3.9099999999999997	0.09572193413219032
3.92	0.10235252710646296
3.9299999999999997	0.10837600437508728
3.94	0.11358247685766291
3.9499999999999997	0.11777042078362283
3.96	0.12075839070202278
3.9699999999999998	0.12239648980335995
3.98	0.12257674804422898
3.9899999999999998	0.12124160574367272
4.	0.11838981319215611
4.01	0.11407922738040852
4.02	0.10842620228933852
4.03	0.10160151248056348
4.04	0.0938230016961709
4.05	0.08534538864073934
4.06	0.07644787170911926
4.07	0.067420336204188
4.08	0.05854906848172415
4.09	0.050102913345723664
4.1	0.04232077142075419
4.109999999999999	0.03540122552003073
4.12	0.029494918144500813
4.13	0.024700089930801177
4.14	0.021061448504457708
4.1499999999999995	0.0185722883627168
4.16	0.017179545223023764
4.17	0.01679126169986499
4.18	0.017285781464063565
4.19	0.01852188837965406
4.2	0.020349072632727155
4.21	0.022617139077124534
4.22	0.02518446974100645
4.23	0.02792440319096228
4.24	0.030729384319499783
4.25	0.03351275197120094
4.26	0.03620824978677253
4.2700000000000005	0.038767548755345764
4.28	0.041156240781375676
4.29	0.04334888666308492
4.3	0.04532376904556237
4.3100000000000005	0.047058006036079764
4.32	0.04852362462415349
4.33	0.049685080629948454
4.34	0.05049855429629181
4.3500000000000005	0.05091316246161361
4.36	0.05087402676643976
4.37	0.05032694094523641
4.38	0.04922420684630596
4.390000000000001	0.047531074264657074
4.4	0.045232136393308725
4.41	0.04233700860504931
4.42	0.03888465606489973
4.43	0.03494583258600885
4.44	0.03062324120045211
4.45	0.02604921360736043
4.46	0.02138091501372021
4.47	0.016793294850252573
4.4799999999999995	0.012470203862310503
4.489999999999999	0.008594266671699888
4.5	0.005336221214816985
4.51	0.002844501519456839
4.52	0.0012358419767733672
4.529999999999999	0.0005876188793783001
4.54	0.0009325232815251526
4.55	0.002255988010615189
4.56	0.004496584970469019
4.569999999999999	0.007549383805646043
4.58	0.011272038189792147
4.59	0.015493160076931065
4.6	0.02002237220719509
4.609999999999999	0.02466130890751425
4.62	0.029214774434895584
4.63	0.0335012713648932
4.64	0.037362177974571004
4.6499999999999995	0.04066897700408055
4.66	0.043328107611925556
4.67	0.045283212958564564
4.68	0.046514770335509804
4.6899999999999995	0.04703730076969133
4.7	0.04689454282493853
4.71	0.046153125256672936
4.72	0.04489537306551551
4.7299999999999995	0.04321192363398255
4.74	0.04119481142281367
4.75	0.03893160384843242
4.76	0.03650104517070014
4.77	0.0339705014937288
4.78	0.03139531352993693
4.79	0.028819971649837066
4.8	0.026280847318946393
4.8100000000000005	0.023810062490891383
4.82	0.021439967451569175
4.83	0.019207637776101526
4.84	0.01715879763234268
4.8500000000000005	0.015350629765417996
4.86	0.013853037233172012
4.87	0.012748068882257532
4.88	0.012127396507661772
4.890000000000001	0.01208792094410977
4.9	0.012725770166594434
4.91	0.014129118320954875
4.92	0.016370385704852563
4.930000000000001	0.019498464329000962
4.94	0.02353164406865779
4.95	0.02845188747113221
4.96	0.03420101880028995
4.970000000000001	0.04067926135173021
4.98	0.04774638705268085
4.99	0.0552255476485684
5.	0.06290965316207602
5.010000000000001	0.07056996725540354
5.0200000000000005	0.07796641640217168
5.03	0.08485897416618167
5.04	0.0910193940817697
5.050000000000001	0.09624253140250501
5.0600000000000005	0.10035651768165818
5.07	0.10323113057807426
5.08	0.10478382796322025
5.09	0.1049830801581433
5.1	0.10384882395177682
5.109999999999999	0.1014500622066592
5.12	0.097899828068047
5.13	0.09334790845241986
5.14	0.08797186479313522
5.1499999999999995	0.08196698990798659
5.16	0.07553589173228041
5.17	0.06887839482463665
5.18	0.06218240028807797
5.1899999999999995	0.05561624913473142
5.2	0.04932300154182873
5.21	0.04341688586207315
5.22	0.037981999307009344
5.2299999999999995	0.033073170245742876
5.24	0.028718733046848424
5.25	0.024924832035070614
5.26	0.021680770997427306
5.27	0.018964865524331746
5.28	0.01675024085182897
5.29	0.015010047907050073
5.3	0.013721641723347215
5.31	0.012869373005072337
5.32	0.012445776565804707
5.33	0.01245108896064747
5.34	0.012891180147889382
5.35	0.013774128516907834
5.359999999999999	0.01510579384611356
5.37	0.016884838924668494
5.38	0.01909771008383274
5.39	0.02171410486695741
5.4	0.024683429739392342
5.41	0.027932683554605826
5.42	0.031366098062654425
5.430000000000001	0.034866732544288355
5.44	0.0383000655095369
5.45	0.04151946382664422
5.46	0.04437325103169262
5.470000000000001	0.046712954279688836
5.48	0.04840219487169091
5.49	0.04932561016347856
5.5	0.04939716198898695
5.510000000000001	0.04856720239454025
5.5200000000000005	0.046827731780032855
5.53	0.04421539406449429
5.54	0.04081190123323271
5.550000000000001	0.036741755402951395
5.5600000000000005	0.032167327675492983
5.57	0.027281545244348566
5.58	0.022298616622527714
5.590000000000001	0.017443375224331734
5.6000000000000005	0.012939931355876207
5.61	0.009000382263783106
5.62	0.0058143332737125575
5.630000000000001	0.0035399285615306925
5.640000000000001	0.0022969807063425054
5.65	0.0021626313985318155
5.66	0.003169783145265438
5.67	0.005308328451328472
5.680000000000001	0.00852898584297893
5.69	0.012749349145588923
5.7	0.01786158484753673
5.71	0.023741087245396583
5.72	0.030255333902361042
5.7299999999999995	0.03727218164914164
5.74	0.044666907392821316
5.75	0.05232742412462943
5.76	0.06015728092258779
5.77	0.06807627172327221
5.78	0.07601871270763956
5.79	0.08392968155304133
5.8	0.09175972227749324
5.81	0.0994586870334203
5.82	0.10696949427385008
5.83	0.11422261928852002
5.84	0.12113209230547266
5.85	0.1275936620776351
5.86	0.13348559698117096
5.87	0.13867235550389365
5.88	0.1430110834083419
5.89	0.1463606094965602
5.9	0.14859234134746888
5.91	0.14960223186858326
5.92	0.14932281961595628
5.93	0.14773425847798358
5.94	0.14487325689118383
5.95	0.14083894693436735
5.96	0.13579489479538834
5.97	0.1299667334113994
5.98	0.12363522543755678
5.99	0.11712492423636545
6.	0.11078896278872026
6.01	0.10499083463804387
6.0200000000000005	0.1000843080164945
6.03	0.09639280908150924
6.04	0.09418970400588617
6.050000000000001	0.09368089196872856
6.0600000000000005	0.09499099059918166
6.07	0.09815416040213665
6.08	0.10311029244304563
6.090000000000001	0.10970689907245183
6.1000000000000005	0.11770663136091597
6.11	0.12679993290086153
6.12	0.13662196162357548
6.130000000000001	0.14677260045692095
6.140000000000001	0.15683815973614995
6.15	0.16641326727011133
6.16	0.17512145450961458
6.170000000000001	0.18263307786966174
6.180000000000001	0.1886794513721237
6.19	0.19306238977036302
6.2	0.19565874226993266
6.210000000000001	0.1964199030919939
6.220000000000001	0.1953666816854863
6.23	0.19258026870640416
6.24	0.18819031432150823
6.250000000000001	0.18236131998399882
6.260000000000001	0.17527861925617003
6.2700000000000005	0.1671351830981114
6.28	0.1581203361172669
6.290000000000001	0.14841122805269327
6.300000000000001	0.1381675929333607
6.3100000000000005	0.12752997661107768
6.32	0.11662125474261334
6.33	0.10555093109439012
6.34	0.09442143085040676
6.35	0.08333541050665189
6.36	0.07240301227004672
6.37	0.06174800469154014
6.38	0.05151187061668412
6.39	0.04185511674295599
6.4	0.03295536579757638
6.41	0.025002125512024017
6.42	0.018188476842761182
6.43	0.01270025457723653
6.44	0.008703575496083017
6.45	0.006331776012070211
6.46	0.0056729329079338855
6.47	0.006759146317115075
6.48	0.009558661919595224
6.49	0.01397170767005126
6.5	0.01983063640088554
6.51	0.02690462388973168
6.5200000000000005	0.03490880214116856
6.53	0.04351734187190415
6.54	0.052379668273822594
6.55	0.0611387286104488
6.5600000000000005	0.06945005191263266
6.57	0.07700026512656345
6.58	0.08352376273142981
6.59	0.08881636488298454
6.6	0.09274503033250196
6.61	0.09525299465552113
6.62	0.09636005564678189
6.63	0.09615809639920828
6.640000000000001	0.09480229187475356
6.65	0.09249875764025
6.66	0.0894896449624444
6.670000000000001	0.08603684590966561
6.680000000000001	0.08240553444368663
6.69	0.07884873210324822
6.7	0.07559395564574099
6.710000000000001	0.07283279253973574
6.720000000000001	0.07071397847467693
6.73	0.06934024354459083
6.74	0.06876887719485471
6.750000000000001	0.06901566302143329
6.760000000000001	0.07006157733436233
6.7700000000000005	0.07186144993048571
6.78	0.07435366573921635
6.790000000000001	0.0774699489881769
6.800000000000001	0.08114431711572491
6.8100000000000005	0.08532041270890472
6.82	0.08995660506373603
6.830000000000001	0.09502848063093616
6.840000000000001	0.10052859270796581
6.8500000000000005	0.1064635932520018
6.86	0.11284910241277922
6.870000000000001	0.1197028656760648
6.880000000000001	0.12703688973601207
6.890000000000001	0.13484932679386533
6.9	0.1431168889281962
6.91	0.1517885211656611
6.920000000000001	0.16078095078590884
6.930000000000001	0.16997657247527168
6.94	0.17922393866104072
6.95	0.18834091801256722
6.96	0.19712037940005123
6.97	0.20533806931156343
6.98	0.21276219144400668
6.99	0.21916407841887464
7.	0.22432927414590415
7.01	0.2280683241268116
7.0200000000000005	0.23022659893781058
7.03	0.2306925487394436
7.04	0.22940389655244986
7.05	0.2263514157478641
7.0600000000000005	0.221580092064799
7.07	0.21518763149335352
7.08	0.20732043201458264
7.09	0.19816728007832204
7.1000000000000005	0.18795115406210508
7.11	0.176919610974094
7.12	0.16533429560406168
7.13	0.15346014150296347
7.140000000000001	0.1415548307918172
7.15	0.12985904672391949
7.16	0.1185879923699328
7.17	0.10792456504173245
7.180000000000001	0.09801447417242028
7.19	0.08896347590707368
7.2	0.08083677652957476
7.21	0.07366053509318013
7.220000000000001	0.06742527925793601
7.23	0.06209094321688807
7.24	0.05759314822099874
7.25	0.0538502795490796
7.26	0.05077087298756388
7.27	0.04826081210441798
7.279999999999999	0.04622985660244222
7.29	0.044597071990872636
7.3	0.043294810061468014
7.31	0.04227099457016042
7.319999999999999	0.04148959150686863
7.33	0.04092928095068386
7.34	0.04058048880972219
7.35	0.040441071767288034
7.359999999999999	0.04051106716147015
7.37	0.04078701137416088
7.38	0.0412563868881386
7.39	0.04189277283267069
7.3999999999999995	0.042652242718493424
7.41	0.04347147567011925
7.42	0.04426792701227239
7.43	0.04494224752440373
7.4399999999999995	0.045382958481904205
7.45	0.04547319505524797
7.46	0.045099138988321866
7.47	0.04415958876421787
7.4799999999999995	0.042575977203699766
7.49	0.04030205624714825
7.5	0.03733243697198735
7.51	0.03370920582586079
7.52	0.029525936649893024
7.529999999999999	0.024928577874598026
7.54	0.020112905414694977
7.55	0.015318479508363148
7.56	0.010819309409650396
7.57	0.00691169235239598
7.58	0.003899930696960567
7.59	0.002080822873893236
7.6000000000000005	0.0017279518197424121
7.61	0.0030768458530620155
7.62	0.006312054135208898
7.63	0.011557061639376115
7.640000000000001	0.018867773738268236
7.65	0.028230041828700665
7.66	0.039561398518172024
7.67	0.052716847960502716
7.680000000000001	0.06749824063720379
7.69	0.08366647922415912
7.7	0.10095557808500041
7.71	0.11908745399927927
7.720000000000001	0.13778627429422716
7.73	0.1567912371830044
7.74	0.175866805815596
7.75	0.19480965163007172
7.760000000000001	0.21345186534244653
7.7700000000000005	0.23166034000617047
7.78	0.2493325901022323
7.79	0.26638961161589936
7.800000000000001	0.2827666792567441
7.8100000000000005	0.29840319064225124
7.82	0.31323278174883495
7.83	0.327174939817088
7.84	0.34012922543813745
7.8500000000000005	0.35197299132692844
7.86	0.3625631679536243
7.87	0.37174230131679903
7.88	0.37934860818579097
7.89	0.3852293958678729
7.8999999999999995	0.3892568148670459
7.91	0.39134460942413435
7.92	0.39146433319729634
7.93	0.3896594273500648
7.9399999999999995	0.38605562770854085
7.95	0.3808663762788048
7.96	0.3743922479786594
7.97	0.36701384217678745
7.9799999999999995	0.35917809705952036
7.99	0.35137852235219147
8.	0.34413036809032377
8.01	0.33794220945717207
8.02	0.3332857894050426
8.03	0.330566188415388
8.04	0.33009446125895164
8.05	0.3320647835200071
8.06	0.3365378892514428
8.07	0.34343217253152375
8.08	0.3525232996299283
8.09	0.36345257504534834
8.1	0.37574367108583745
8.11	0.3888267174341156
8.12	0.4020682038368978
8.129999999999999	0.41480472009410363
8.14	0.4263782783461671
8.15	0.4361708566384256
8.16	0.44363587907952357
8.17	0.44832460071914565
8.18	0.44990577395716436
8.19	0.44817750421155966
8.2	0.44307081179847474
8.209999999999999	0.43464505402599013
8.219999999999999	0.42307597360672555
8.229999999999999	0.40863767612659213
8.24	0.3916802565298156
8.25	0.372605058842314
8.26	0.3518396444043392
8.27	0.32981445652300906
8.28	0.3069429139978284
8.29	0.2836062673222051
8.299999999999999	0.2601440468232329
8.309999999999999	0.2368503679695899
8.32	0.21397578694021496
8.33	0.19173387111573012
8.34	0.17031121205607666
8.35	0.14987930195221125
8.36	0.13060654573507985
8.37	0.11266870284892803
8.379999999999999	0.09625624244750305
8.389999999999999	0.08157743541471973
8.4	0.06885646437450799
8.41	0.05832636606953734
8.42	0.050217179416117856
8.43	0.044740204848710614
8.44	0.04206973604643112
8.45	0.04232396026085877
8.459999999999999	0.04554690535954435
8.469999999999999	0.05169332115469814
8.479999999999999	0.06061821587134978
8.49	0.07207243789634799
8.5	0.08570522531205936
8.51	0.10107408079006847
8.52	0.11766171591877789
8.53	0.1348992004709691
8.54	0.15219390203617764
8.55	0.16896035869487777
8.56	0.18465193178926892
8.57	0.19879096453817396
8.58	0.21099523740590223
8.59	0.2209987587866665
8.6	0.2286653399209456
8.61	0.23399394215743563
8.62	0.23711540774685705
8.63	0.2382808401759844
8.64	0.23784253189961935
8.65	0.2362288936633217
8.66	0.2339152746282909
8.67	0.23139284109011263
8.68	0.22913778225494172
8.69	0.22758302823347956
8.7	0.22709440784347534
8.71	0.2279527664492127
8.72	0.2303430438391277
8.73	0.23435072505669746
8.74	0.23996547410072294
8.75	0.2470911928644855
8.76	0.2555612628800122
8.77	0.2651573645222846
8.78	0.2756300550316257
8.79	0.286719237109888
8.8	0.29817276340576093
8.81	0.3097616841287016
8.82	0.3212910278680247
8.83	0.3326054720410943
8.84	0.3435897654416072
8.85	0.3541642649224447
8.860000000000001	0.3642763969405015
8.870000000000001	0.3738892138320092
8.88	0.3829684546178411
8.89	0.3914696226465924
8.9	0.39932655204508344
8.91	0.4064427592810089
8.92	0.41268658459976854
8.93	0.41789074999455766
8.940000000000001	0.42185653198590806
8.950000000000001	0.4243623086213376
8.96	0.42517583039311263
8.97	0.42406922013096804
8.98	0.4208354564439769
8.99	0.4153049588095189
9.	0.4073608790559867
9.01	0.3969518116719221
9.020000000000001	0.3841008513671513
9.030000000000001	0.36891022873867707
9.040000000000001	0.3515611150308101
9.05	0.33230857206672154
9.06	0.3114719997671333
9.07	0.2894217696653493
9.08	0.2665630017285008
9.09	0.24331762387847186
9.1	0.22010593762059494
9.110000000000001	0.19732889695412253
9.120000000000001	0.17535219789144574
9.13	0.15449308684717158
9.14	0.13501054830462095
9.15	0.117099249805999
9.16	0.10088733114445118
9.170000000000002	0.08643784935941493
9.180000000000001	0.07375345326179183
9.190000000000001	0.06278367731370157
9.200000000000001	0.05343412522046152
9.21	0.04557676240403901
9.22	0.039060551008742145
9.23	0.03372173296235634
9.24	0.029393183212554262
9.250000000000002	0.025912401147344458
9.260000000000002	0.02312786696726081
9.270000000000001	0.02090364572644137
9.280000000000001	0.019122261476600372
9.290000000000001	0.017685977412389736
9.3	0.01651669919588482
9.31	0.015554766059226828
9.32	0.014756910116382263
9.330000000000002	0.014093654023307497
9.340000000000002	0.013546388315882707
9.350000000000001	0.013104330947982136
9.360000000000001	0.012761530945264317
9.370000000000001	0.01251404245961025
9.38	0.012357369375911621
9.39	0.012284265783370737
9.4	0.01228297308325865
9.41	0.012335976816420296
9.420000000000002	0.012419370240890385
9.43	0.012502911226379337
9.44	0.012550848344401844
9.45	0.012523566585978283
9.459999999999999	0.012380060568319865
9.469999999999999	0.01208118381385952
9.48	0.011593550140435453
9.49	0.010893883687929243
9.5	0.009973536202230819
9.51	0.008842823832336876
9.52	0.007534790973308446
9.53	0.00610799458343755
9.54	0.004647925507004608
9.549999999999999	0.003266746774235049
9.56	0.0021011315589577993
9.57	0.0013081198842515396
9.58	0.0010590734104091878
9.59	0.0015319782599426746
9.6	0.002902510948843976
9.61	0.0053344253163567544
9.62	0.008969922916460173
9.629999999999999	0.013920722274472521
9.64	0.0202605345211015
9.65	0.028019580425933235
9.66	0.03718164918611202
9.67	0.04768401125557783
9.68	0.05942027065150981
9.69	0.0722459959001935
9.7	0.08598672548942947
9.709999999999999	0.10044772675853886
9.719999999999999	0.11542471865008666
9.73	0.13071466715954874
9.74	0.1461257405378647
9.75	0.16148557505208583
9.76	0.17664714903495063
9.77	0.19149178245998863
9.78	0.2059290531828036
9.790000000000001	0.21989372495525294
9.8	0.2333400879571656
9.81	0.2462343900494285
9.82	0.2585462577645431
9.83	0.2702401459647524
9.84	0.28126789661515883
9.85	0.29156342148392744
9.86	0.30104035200518553
9.870000000000001	0.3095932335101394
9.88	0.3171025016536397
9.89	0.3234430952472622
9.9	0.3284961665385053
9.91	0.33216298444432213
9.92	0.33437982465821936
9.93	0.33513243485711763
9.94	0.334468577879556
9.950000000000001	0.33250720508384607
9.96	0.3294429986660091
9.97	0.32554533556631726
9.98	0.32115114472088546
9.99	0.31665162134951025
10.	0.31247328635983346
10.01	0.3090543909464561
10.02	0.3068181206312608
10.03	0.30614440736131143
10.040000000000001	0.30734237821681687
10.05	0.310625530785185
10.06	0.3160916173902938
10.07	0.32370894656920624
10.08	0.3333103883353251
10.09	0.3445958309341328
10.100000000000001	0.357143222832835
10.110000000000001	0.3704276937694654
10.120000000000001	0.3838476351829084
10.13	0.39675608429707576
10.14	0.40849534280355454
10.15	0.4184325059503903
10.16	0.4259935033794789
10.17	0.43069336664698005
10.180000000000001	0.43216073151509987
10.190000000000001	0.4301550320414382
10.200000000000001	0.424575411104356
10.21	0.41546101099049654
10.22	0.4029829646078551
10.23	0.3874290278440151
10.24	0.3691823249198594
10.25	0.34869607744376924
10.260000000000002	0.32646642204143067
10.270000000000001	0.3030054731787375
10.280000000000001	0.2788166553798343
10.290000000000001	0.2543740268860553
10.3	0.23010687416301592
10.31	0.20639031501381977
10.32	0.1835420573670445
10.33	0.16182487506102614
10.34	0.14145383429963415
10.350000000000001	0.12260688247016482
10.36	0.10543713238426404
10.37	0.09008506417007603
10.379999999999999	0.07668893300073837
10.389999999999999	0.06539190633005536
10.399999999999999	0.05634483646535378
10.41	0.04970406675540779
10.42	0.04562422578665406
10.43	0.04424653112619487
10.44	0.04568364844578566
10.45	0.05000258308281764
10.459999999999999	0.057207377254326154
10.469999999999999	0.06722351733848671
10.479999999999999	0.07988590683717578
10.49	0.09493203310499086
10.5	0.11200156723895066
10.51	0.1306431190491785
10.52	0.15032826715525094
10.53	0.17047235046234396
10.54	0.1904608975180343
10.549999999999999	0.20968003899238521
10.559999999999999	0.2275488438742951
10.57	0.24355127940560786
10.58	0.25726544174085225
10.59	0.26838784613263683
10.6	0.2767508925461615
10.61	0.28233210935273867
10.62	0.28525438458804697
10.629999999999999	0.2857770711431473
10.639999999999999	0.28427854298288086
10.649999999999999	0.28123142657286543
10.66	0.2771722813522548
10.67	0.2726679098667973
10.68	0.2682807088789925
10.69	0.26453550927674974
10.7	0.26189019336222785
10.709999999999999	0.26071203819126626
10.72	0.261261243342343
10.73	0.26368250360611795
10.74	0.268004833087523
10.75	0.2741491927597733
10.76	0.28194287358219183
10.77	0.2911390914331419
10.78	0.3014398981918308
10.79	0.31252033218367475
10.8	0.3240517325504671
10.81	0.33572232157446286
10.82	0.34725349681774215
10.83	0.3584107379044065
10.84	0.3690085772805868
10.85	0.37890966035273
10.86	0.3880184761562813
10.87	0.39627082598208646
10.88	0.4036204720376546
10.89	0.41002463973827885
10.9	0.4154301173758145
10.91	0.41976160216828345
10.92	0.42291369331349626
10.93	0.42474755549936616
10.94	0.42509280638033253
10.95	0.42375466264073575
10.959999999999999	0.42052585905551204
10.97	0.4152023805533426
10.98	0.40760166113273427
10.99	0.39758163963141424
11.	0.38505894356155423
11.01	0.3700245080989168
11.02	0.3525551236416374
11.030000000000001	0.33281972468277493
11.040000000000001	0.3110796561320944
11.05	0.2876826429775502
11.06	0.26305070231449057
11.07	0.23766272888795653
11.08	0.2120329145098337
11.09	0.18668649228687204
11.1	0.16213450195706797
11.110000000000001	0.1388493375101228
11.120000000000001	0.11724275980046714
11.13	0.09764784456255181
11.14	0.08030601087854898
11.15	0.0653598666648852
11.16	0.05285215238587396
11.17	0.04273060119344812
11.18	0.034858101717012174
11.190000000000001	0.029027183564652823
11.200000000000001	0.024977573193810065
11.21	0.02241540805591308
11.22	0.02103265829599963
11.23	0.020525385489446824
11.24	0.020609654434675738
11.25	0.021034185713645147
11.26	0.021589165938516355
11.27	0.02211098794306444
11.280000000000001	0.022483042498956524
11.290000000000001	0.022632996435717218
11.3	0.022527244073470478
11.31	0.02216339122193263
11.32	0.021561713425891745
11.33	0.020756521146127013
11.340000000000002	0.019788271098867667
11.350000000000001	0.018697099364580586
11.360000000000001	0.01751823812633087
11.370000000000001	0.016279537537643024
11.38	0.015001071903081163
11.39	0.013696588468978688
11.4	0.012376377628236245
11.41	0.01105102004748545
11.420000000000002	0.009735407624087087
11.430000000000001	0.008452442976277334
11.440000000000001	0.007235891464740644
11.450000000000001	0.006131979873421084
11.46	0.005199491765858326
11.47	0.00450828342062194
11.48	0.004136317596122953
11.49	0.004165467752599897
11.500000000000002	0.004676468132500773
11.510000000000002	0.005743464746154548
11.520000000000001	0.0074286532497095685
11.530000000000001	0.009777471592987868
11.540000000000001	0.012814752784867864
11.55	0.016542145013669615
11.56	0.020936984566253716
11.57	0.025952675050427573
11.58	0.03152049801061203
11.590000000000002	0.037552667495833324
11.6	0.043946354316058395
11.61	0.05058835101476146
11.62	0.0573600285183586
11.629999999999999	0.06414224863339013
11.639999999999999	0.07081993821929371
11.65	0.07728609346181241
11.66	0.08344505707992787
11.67	0.08921498794870268
11.68	0.09452951267786584
11.69	0.09933860507795018
11.7	0.10360877762296797
11.709999999999999	0.10732268737196882
11.719999999999999	0.11047825870056957
11.73	0.11308741059488128
11.74	0.11517445308253707
11.75	0.11677419253613366
11.76	0.11792976595824438
11.77	0.1186902157399844
11.78	0.11910782259293438
11.79	0.11923523658401419
11.799999999999999	0.11912248273309942
11.81	0.11881396391428138
11.82	0.1183456329356701
11.83	0.11774254923149233
11.84	0.1170170646993005
11.85	0.11616788971247208
11.86	0.11518026802520819
11.87	0.1140274349161199
11.879999999999999	0.11267344694222615
11.889999999999999	0.11107735859479226
11.9	0.10919858938523115
11.91	0.10700318620101126
11.92	0.10447055422287674
11.93	0.10160012028597505
11.94	0.09841731965103148
11.95	0.09497827279585895
11.96	0.091372551320712
11.97	0.08772352465974473
11.98	0.08418592951391936
11.99	0.08094050329675763
12.	0.07818575735206604
12.01	0.07612721660574641
12.02	0.07496469791991331
12.03	0.07487841684423065
12.040000000000001	0.07601487982637106
12.05	0.0784736175459608
12.06	0.08229583132795303
12.07	0.08745595176419811
12.08	0.09385694766582668
12.09	0.10132998328123119
12.1	0.10963871895246177
12.11	0.11848820807650604
12.120000000000001	0.12753798898570087
12.13	0.13641863398487972
12.14	0.14475072867020827
12.15	0.15216503906452744
12.16	0.15832250266204662
12.17	0.1629326651200278
12.18	0.16576928091972046
12.19	0.1666819980100585
12.2	0.16560333801534935
12.21	0.1625505415629776
12.22	0.15762224291417185
12.23	0.15099033589054228
12.24	0.14288775987061142
12.25	0.1335932385222686
12.26	0.12341421836334106
12.270000000000001	0.11266936040566398
12.280000000000001	0.10167192683152702
12.290000000000001	0.09071527721421616
12.3	0.08006145709838623
12.31	0.0699335472199041
12.32	0.0605120733475628
12.33	0.05193538879083434
12.34	0.04430357008158411
12.350000000000001	0.03768504583812585
12.360000000000001	0.03212493934972975
12.370000000000001	0.027653969492592193
12.38	0.024296735077740383
12.39	0.022078306581316955
12.4	0.021028257160568258
12.41	0.02118156222243102
12.42	0.022576155213571553
12.430000000000001	0.025247312272619955
12.440000000000001	0.029219412540669135
12.450000000000001	0.03449594744615074
12.46	0.04104889837970497
12.47	0.04880874222827495
12.48	0.057656362269016784
12.49	0.06741803322281227
12.5	0.07786442097641792
12.51	0.08871420808650794
12.520000000000001	0.09964255394204373
12.530000000000001	0.11029415893991118
12.540000000000001	0.12030026488991186
12.55	0.12929852929416524
12.56	0.13695439617193184
12.57	0.14298238117986703
12.580000000000002	0.147165614942836
12.590000000000002	0.14937205536149128
12.600000000000001	0.14956598437492644
12.610000000000001	0.14781373211108786
12.620000000000001	0.14428299538379122
12.63	0.13923560311506317
12.64	0.1330140877424879
12.65	0.12602290610349298
12.660000000000002	0.11870557437425253
12.670000000000002	0.11151930335090286
12.680000000000001	0.10490891512312779
12.690000000000001	0.09928187333632178
12.700000000000001	0.09498616247458012
12.71	0.09229251537697858
12.72	0.09138213296923739
12.73	0.09234059656487324
12.740000000000002	0.0951581791335565
12.750000000000002	0.09973625980385159
12.760000000000002	0.1058990780935461
12.770000000000001	0.1134096701205317
12.780000000000001	0.12198854075551836
12.790000000000001	0.13133346619900668
12.8	0.14113880218563762
12.81	0.15111279295605567
12.82	0.16099162214029047
12.830000000000002	0.17054929473846567
12.84	0.17960285678595725
12.85	0.18801290770933748
12.86	0.1956797992618334
12.87	0.20253630512832885
12.879999999999999	0.20853785252985818
12.89	0.21365160501661024
12.9	0.2178457578203026
12.91	0.22108034881459546
12.92	0.223300706260262
12.93	0.2244343670914056
12.94	0.22439193386738043
12.95	0.2230719288277556
12.959999999999999	0.22036928761572713
12.97	0.21618675136703225
12.98	0.21044809910371037
12.99	0.20311194165972798
13.	0.19418469394095822
13.01	0.18373136400406703
13.02	0.17188294382779223
13.03	0.15883944532177718
13.04	0.14486797378577898
13.05	0.13029563956093065
13.06	0.11549754170332185
13.07	0.1008804777962387
13.08	0.08686340533604296
13.09	0.0738559706309835
13.1	0.062236606028753895
13.11	0.052331759837538114
13.12	0.044397760212263576
13.129999999999999	0.03860662997604003
13.14	0.03503687945264748
13.15	0.03366993326772132
13.16	0.03439242568863923
13.17	0.03700416225991133
13.18	0.04123112898711841
13.19	0.04674256772563013
13.200000000000001	0.053170856394488604
13.21	0.06013275652804271
13.22	0.0672505308922885
13.23	0.07417149294998826
13.24	0.08058472046229846
13.25	0.08623393094735783
13.26	0.09092585299878994
13.27	0.094533805129714
13.280000000000001	0.09699658058211544
13.290000000000001	0.0983131001418472
13.3	0.09853360585365095
13.31	0.09774840223002533
13.32	0.0960752908099209
13.33	0.09364687991142683
13.34	0.09059888432032227
13.35	0.08706036846133733
13.360000000000001	0.08314664816843995
13.370000000000001	0.07895527361533539
13.38	0.0745651965394613
13.39	0.07003890755983154
13.4	0.06542704230681519
13.41	0.060774723181591536
13.42	0.056128746459450395
13.43	0.0515446548421545
13.44	0.04709275825229143
13.450000000000001	0.04286227726759542
13.46	0.038962972974117424
13.47	0.035523876351490354
13.48	0.03268901672013761
13.49	0.030610346403980266
13.5	0.029438340980703505
13.510000000000002	0.029310996257029823
13.520000000000001	0.030342123067139473
13.530000000000001	0.032609943283635937
13.540000000000001	0.03614700597141196
13.55	0.04093236981346666
13.56	0.04688684274981731
13.57	0.053871845120309146
13.58	0.0616921872189691
13.590000000000002	0.07010274895196508
13.600000000000001	0.07881874334674453
13.610000000000001	0.08752896217028973
13.620000000000001	0.09591116403854986
13.63	0.10364859236819908
13.64	0.11044651608791237
13.65	0.11604767739191381
13.66	0.12024560812600173
13.670000000000002	0.12289493281142463
13.680000000000001	0.12391799868415894
13.690000000000001	0.12330744316232611
13.700000000000001	0.121124604991057
13.71	0.11749398336836006
13.72	0.11259422627116687
13.73	0.10664636374749213
13.74	0.09990017669529148
13.75	0.09261969433416938
13.760000000000002	0.08506883794624365
13.77	0.07749817467482155
13.78	0.07013361962450017
13.79	0.06316773917892961
13.799999999999999	0.05675407978384842
13.809999999999999	0.05100469389447994
13.82	0.045990779183231044
13.83	0.041746108909859185
13.84	0.038272729028166676
13.85	0.035548246147789085
13.86	0.03353394032932366
13.87	0.032182913030160125
13.879999999999999	0.03144752296152617
13.889999999999999	0.03128546544667368
13.9	0.03166400365168863
13.91	0.03256204863244383
13.92	0.03396999287672337
13.93	0.03588741124592396
13.94	0.038318936675796555
13.95	0.04126878020990921
13.959999999999999	0.04473448341984685
13.969999999999999	0.04870055740398525
13.98	0.0531326721943566
13.99	0.0579730140215536
14.	0.06313733042977533
14.01	0.06851404356169163
14.02	0.07396564201168848
14.03	0.07933237550982396
14.04	0.08443808928955338
14.049999999999999	0.08909786097472808
14.059999999999999	0.09312695546351056
14.07	0.09635050348862369
14.08	0.09861324507631765
14.09	0.09978866418400427
14.1	0.09978687573846158
14.11	0.09856070778229782
14.12	0.0961095427781456
14.13	0.09248063388001872
14.14	0.08776778274028098
14.15	0.08210744266396786
14.16	0.07567248196538733
14.17	0.068663995274968
14.18	0.06130167488948488
14.19	0.05381334189178355
14.2	0.04642428225817543
14.21	0.03934703413151028
14.22	0.032772229596313145
14.23	0.02686101137957085
14.24	0.021739428326882266
14.25	0.017495071873244415
14.26	0.01417605922226906
14.27	0.011792308619444676
14.28	0.010318899125962675
14.290000000000001	0.00970117221352632
14.3	0.009861124522740171
14.31	0.010704567534135814
14.32	0.012128495543447766
14.33	0.01402811031027343
14.34	0.016302998255189355
14.35	0.018862040439361717
14.36	0.021626750455378492
14.37	0.024532872234759355
14.38	0.02753021841369294
14.39	0.030580879094604736
14.4	0.0336560692021314
14.41	0.03673199938449608
14.42	0.0397852412035022
14.43	0.042788104985822153
14.440000000000001	0.0457045537183671
14.450000000000001	0.04848713747095596
14.46	0.05107535209616026
14.47	0.05339570878822347
14.48	0.055363655904619
14.49	0.056887332171247355
14.5	0.057872963635328255
14.51	0.05823155892411296
14.520000000000001	0.057886421702942524
14.530000000000001	0.056780897598892946
14.540000000000001	0.05488571486591289
14.55	0.05220527015366043
14.56	0.048782255541513865
14.57	0.044700118978529345
14.58	0.04008299169020487
14.59	0.035092893331015826
14.600000000000001	0.029924225771618053
14.610000000000001	0.024795774175926447
14.620000000000001	0.01994063304714606
14.63	0.01559464894898926
14.64	0.011984105874685895
14.65	0.009313461739275799
14.66	0.007753967052869269
14.67	0.007433955982391304
14.68	0.008431497294119508
14.690000000000001	0.010769934755607355
14.700000000000001	0.014416644817274105
14.71	0.01928510901082137
14.72	0.025240157406143587
14.73	0.03210600682980275
14.74	0.039676512212565566
14.750000000000002	0.047726888330700185
14.760000000000002	0.056026055881926634
14.770000000000001	0.0643487292439105
14.780000000000001	0.07248639691531879
14.790000000000001	0.0802564472215017
14.8	0.0875088533348143
14.81	0.0941300398406219
14.82	0.10004379072305243
14.830000000000002	0.10520930584381868
14.840000000000002	0.10961674885821936
14.850000000000001	0.11328083397478411
14.860000000000001	0.11623315448702193
14.870000000000001	0.11851404914124236
14.88	0.12016482500202667
14.89	0.12122110543323297
14.9	0.12170795331277416
14.910000000000002	0.12163724280598506
14.920000000000002	0.12100753324094744
14.930000000000001	0.11980645501788408
14.940000000000001	0.11801537141253039
14.950000000000001	0.1156158533385779
14.96	0.11259731683035248
14.97	0.10896504211668491
14.98	0.1047477308179641
14.99	0.10000377028179284
15.000000000000002	0.09482546120653204