0.0	1.0
0.01	0.9919593259562884
0.02	0.9685330004196243
0.03	0.9316913901351178
0.04	0.8843580814755228
0.05	0.829960954143095
0.06	0.7719580348613913
0.07	0.713435542589498
0.08	0.6568447362349165
0.09	0.6038995580179783
0.1	0.5556140964026447
0.11	0.5124305507513922
0.12	0.4743807747828992
0.13	0.44123551166686936
0.14	0.4126167941316109
0.15	0.38807032610596714
0.16	0.36710807905060583
0.17	0.3492341770467924
0.18	0.33396217736495304
0.19	0.32082496477374445
0.2	0.309375216122711
0.21	0.29917706505235864
0.22	0.28979627665381497
0.23	0.28080204079711524
0.24	0.27179338714724977
0.25	0.26245497829527964
0.26	0.2526327582224878
0.27	0.24240547045604172
0.28	0.23212047579426212
0.29	0.22236656811629743
0.3	0.2138729504803262
0.31	0.2073473128119097
0.32	0.20328864350961073
0.33	0.20182337765363786
0.34	0.2026113660041117
0.35	0.20485104450250777
0.36	0.20738666377067896
0.37	0.20889335445106413
0.38	0.20809687215365527
0.39	0.20397944394081627
0.4	0.1959315040071734
0.41	0.18382683309058534
0.42	0.16801875159687357
0.43	0.1492710222420879
0.44	0.12864528923188742
0.45	0.10736727942323249
0.46	0.08668964981319255
0.47	0.06776430211537784
0.48	0.05153404807638267
0.49	0.03865308944924302
0.5	0.029445934082821146
0.51	0.023912227646322358
0.52	0.021778630316072963
0.53	0.022588794013887623
0.54	0.025811774065258624
0.55	0.030942320209613433
0.56	0.03756726686750685
0.57	0.04538188694005618
0.58	0.054156217874812194
0.59	0.06366865822949401
0.6	0.07363618671057764
0.61	0.08367251229201661
0.62	0.09329604294660479
0.63	0.10199174940597822
0.64	0.10931104358410662
0.65	0.11497886213029176
0.66	0.11897263208111335
0.67	0.1215452860753056
0.68	0.12318125222741787
0.69	0.12449444328466944
0.7	0.1260938977228812
0.71	0.128450698679458
0.72	0.1317973086917556
0.73	0.13607942627002306
0.74	0.1409654507686328
0.75	0.1459048597864927
0.76	0.15021815473109598
0.77	0.15319885754963952
0.78	0.15421109009633943
0.79	0.15277170395841033
0.8	0.1486108648142483
0.81	0.1417077959944314
0.82	0.13229919955819777
0.83	0.12085822546235081
0.84	0.10804358248358217
0.85	0.09462244799422784
0.86	0.08137665572621043
0.87	0.06900721094662575
0.88	0.05805493690455485
0.89	0.04885309431526062
0.9	0.04152089376428582
0.91	0.03599666023660601
0.92	0.032099156953730626
0.93	0.029598637194987825
0.94	0.028277915431821735
0.95	0.027968507882193152
0.96	0.028555945458784576
0.97	0.029958524771435287
0.98	0.03209161667028615
0.99	0.0348327936929141
1.0	0.03800088483752424
1.01	0.04135592756282461
1.02	0.0446194212998572
1.03	0.04750804287391153
1.04	0.049770968758739896
1.05	0.051221620227433304
1.06	0.051758034370401426
1.07	0.051370345433732666
1.08	0.05013721727992796
1.09	0.04821443201088035
1.1	0.04581824637885336
1.11	0.04320454745059721
1.12	0.04064361355389076
1.13	0.0383904365058845
1.14	0.03665228239213012
1.15	0.0355577312650961
1.16	0.0351335214240556
1.17	0.03529583471229039
1.18	0.03586053847784176
1.19	0.036572679820085954
1.2	0.03715046033248038
1.21	0.03733471415338304
1.22	0.036933073820026176
1.23	0.03584924906041694
1.24	0.03409180456506787
1.25	0.03176221493329719
1.26	0.029027070509151938
1.27	0.026082576988736058
1.28	0.023120130742522962
1.29	0.02029990314223497
1.3	0.017735970212488485
1.31	0.015492885618518651
1.32	0.013590876156673213
1.33	0.01201566583126026
1.34	0.010729273054585988
1.35	0.009679430292065977
1.36	0.008806809348929778
1.37	0.00805039761081101
1.38	0.007351890347430623
1.39	0.006659906262531725
1.4	0.005934450401807609
1.41	0.005151592394358893
1.42	0.004307928563592238
1.43	0.0034240611910172627
1.44	0.002546040490907185
1.45	0.001743541818931476
1.46	0.0011036749885962984
1.47	0.0007199541182395414
1.48	0.0006771659240922803
1.49	0.001034446157376713
1.5	0.0018102875578421113
1.51	0.002973790927058814
1.52	0.004445711221025429
1.53	0.006110660940648532
1.54	0.007838719512454517
1.55	0.00951164926849961
1.56	0.011047063187424844
1.57	0.012414034881485379
1.58	0.01363590262271881
1.59	0.014779713673259122
1.6	0.015935625692632256
1.61	0.017192280370755438
1.62	0.018614791912411572
1.63	0.020230458678525083
1.64	0.02202435278377293
1.65	0.02394380747568537
1.66	0.02590869685827711
1.67	0.027823920875481238
1.68	0.029591504455833792
1.69	0.031121354936918734
1.7	0.032340938141441816
1.71	0.03320419878513725
1.72	0.033698948973425465
1.73	0.03385041725898672
1.74	0.03371782459966403
1.75	0.033381678254586516
1.76	0.03292216123237997
1.77	0.032392778133036274
1.78	0.031796775644992094
1.79	0.031075111115246728
1.8	0.030112830488226987
1.81	0.028765745636591476
1.82	0.02690268039850134
1.83	0.024452557527757865
1.84	0.021442530262560107
1.85	0.01801464190248466
1.86	0.014414035761135237
1.87	0.010949889233683948
1.88	0.007938344477421571
1.89	0.005642053805736189
1.9	0.004221788310478878
1.91	0.0037117015770703676
1.92	0.004022736015612348
1.93	0.004970779213389552
1.94	0.006320079012361205
1.95	0.007829822062092442
1.96	0.009293001009949928
1.97	0.010560719621798314
1.98	0.011550100867783871
1.99	0.012238174591077785
2.0	0.012646443682314747
2.01	0.012821181171717079
2.02	0.012813627904514766
2.03	0.012663132448830976
2.04	0.012385575529790211
2.05	0.011969144788590146
2.06	0.011379098951290353
2.07	0.01057187728958057
2.08	0.009516505144750113
2.09	0.008218246905859199
2.1	0.006737103144437753
2.11	0.005193460789165514
2.12	0.003755842993219035
2.13	0.0026109713298966435
2.14	0.0019226761256923
2.15	0.0017912210768572083
2.16	0.002226148407552484
2.17	0.0031427419017258365
2.18	0.004385309249063989
2.19	0.005771963844806799
2.2	0.007148477223209464
2.21	0.008435688948987339
2.22	0.009657017341024877
2.23	0.010938972354822735
2.24	0.012485788411495502
2.25	0.014536362648855754
2.26	0.017315274725864686
2.27	0.020989045020310994
2.28	0.02563499377748574
2.29	0.03122526888127518
2.3	0.03762501510097255
2.31	0.044602429324103125
2.32	0.0518492247188793
2.33	0.05901124407249756
2.34	0.06572879235816756
2.35	0.07168376196582475
2.36	0.07664641836331393
2.37	0.08051088505006933
2.38	0.0833075094613133
2.39	0.08518416519963845
2.4	0.08635695964199247
2.41	0.08704132223243256
2.42	0.08738310889117558
2.43	0.08741229119344629
2.44	0.08703691121049849
2.45	0.08608308248630583
2.46	0.08437157846509659
2.47	0.08180829496951816
2.48	0.07845952271037272
2.49	0.07458616830178214
2.5	0.07062301752092755
2.51	0.06710589113274043
2.52	0.06456542602560254
2.53	0.06341595910278226
2.54	0.06386865450433765
2.55	0.06588993410770963
2.56	0.0692127335614186
2.57	0.07339392042458368
2.58	0.07790082206492398
2.59	0.08220573575772304
2.6	0.08586948254506313
2.61	0.0886013306472192
2.62	0.09028989487844738
2.63	0.09100534786513277
2.64	0.09097639235699297
2.65	0.0905464784889017
2.66	0.09011420078987938
2.67	0.0900640650647256
2.68	0.09069624625844014
2.69	0.09216662583097658
2.7	0.09444949369119172
2.71	0.0973331254952216
2.72	0.10045242081942835
2.73	0.10335400746478342
2.74	0.1055802500429621
2.75	0.10675257618446686
2.76	0.10663388739075257
2.77	0.10515525088444438
2.78	0.10240211277812634
2.79	0.09856678168957828
2.8	0.09388316602648064
2.81	0.08856375528747147
2.82	0.08275650966494813
2.83	0.07653174544491588
2.84	0.06989908636234468
2.85	0.06284552701007497
2.86	0.05538042929340355
2.87	0.04757307735633845
2.88	0.039572622493150786
2.89	0.0316068006290209
2.9	0.02396214091365929
2.91	0.016952455740209888
2.92	0.010883372894581314
2.93	0.006019052129048122
2.94	0.0025544574830116277
2.95	0.0005942350560411509
2.96	0.0001383943244413087
2.97	0.0010756415776560404
2.98	0.0031864830685146583
2.99	0.006158809411598916
3.0	0.009617572349002346
3.01	0.01316718137194143
3.02	0.01644119861957233
3.03	0.01915033617209146
3.04	0.02111829380354486
3.05	0.022296634622638794
3.06	0.022754588185148743
3.07	0.022646130931701095
3.08	0.022162890655810074
3.09	0.021485282326890835
3.1	0.02074445938228996
3.11	0.020004047083506435
3.12	0.01926439702315124
3.13	0.018485323469007657
3.14	0.017618151696588726
3.15	0.016635981779242005
3.16	0.015552753530602002
3.17	0.014426144503623626
3.18	0.01334484495852894
3.19	0.012405440778407025
3.2	0.011686616927368018
3.21	0.011228244391068235
3.22	0.011020695716952977
3.23	0.011006632180480598
3.24	0.011094736741244478
3.25	0.011183144551624917
3.26	0.011189611821563252
3.27	0.011085133564036231
3.28	0.010927022983340397
3.29	0.010886076548544158
3.3	0.011260822921648638
3.31	0.012471136028010978
3.32	0.015025014914828454
3.33	0.019456868942412064
3.34	0.02624277894052462
3.35	0.03570614503608209
3.36	0.0479331625282344
3.37	0.06271901298014552
3.38	0.07956102313712977
3.39	0.09770484911010682
3.4	0.11623661876416275
3.41	0.1342019237388397
3.42	0.1507255815927342
3.43	0.1651066529260649
3.44	0.1768712127555982
3.45	0.18577813214914346
3.46	0.1917862468135078
3.47	0.19500036805231366
3.48	0.1956158688095818
3.49	0.19387696772155885
3.5	0.19005485993803162
3.51	0.18444250667361461
3.52	0.17735695632944076
3.53	0.16913947713778585
3.54	0.16014794094309892
3.55	0.15074208327347782
3.56	0.1412670051098187
3.57	0.1320410511187658
3.58	0.12335067039762629
3.59	0.11544909107780627
3.6	0.10855107165409178
3.61	0.10281576326272532
3.62	0.09831497574327086
3.63	0.09499323932026045
3.64	0.09263503728468875
3.65	0.09085883103800446
3.66	0.08915382612629419
3.67	0.08696375878630602
3.68	0.0838057154983732
3.69	0.07939695012581227
3.7	0.07375481432275349
3.71	0.06723800928523045
3.72	0.06051126192475564
3.73	0.05443609153895058
3.74	0.049910901681989486
3.75	0.047697491133992194
3.76	0.048273936993916355
3.77	0.051745282385293696
3.78	0.057827024543240735
3.79	0.06589782379309045
3.8	0.07510293628968458
3.81	0.0844823401743718
3.82	0.09309798115016446
3.83	0.10014080670939055
3.84	0.10500668697090787
3.85	0.10733768296738638
3.86	0.10702983817615479
3.87	0.1042110593324399
3.88	0.09919426667185564
3.89	0.09241325582231748
3.9	0.08435185833928943
3.91	0.07547972927382313
3.92	0.06620827508079731
3.93	0.05687615964595389
3.94	0.04776547657555173
3.95	0.039139263565572124
3.96	0.03128238675946969
3.97	0.024524856864638865
3.98	0.019231530962353326
3.99	0.01575408279158687
4.0	0.014356219219945695
4.01	0.01513576342590492
4.02	0.01797223898911128
4.03	0.022523390480888764
4.04	0.028279896495367576
4.05	0.03466909980519918
4.06	0.041182377744138965
4.07	0.04749254102013547
4.08	0.05353015818118679
4.09	0.059499758812495696
4.1	0.06583389194005283
4.11	0.07309897368291166
4.12	0.08187668554393872
4.13	0.09264617486823964
4.14	0.10568668789015231
4.15	0.12101127579070696
4.16	0.13833418313731644
4.17	0.15707033936135048
4.18	0.17636526981889658
4.19	0.19515548927922735
4.2	0.2122597242571356
4.21	0.22649768801419287
4.22	0.23682554547365947
4.23	0.2424683345360451
4.24	0.24302378229539398
4.25	0.23851315642902218
4.26	0.22936457111625932
4.27	0.2163305560933036
4.28	0.20035958278513152
4.29	0.18245425524662384
4.3	0.16355191417048212
4.31	0.14445484643054182
4.32	0.1258198149963424
4.33	0.1081963262938519
4.34	0.09208715773057391
4.35	0.07799875184955403
4.36	0.06645496166289457
4.37	0.057962749008902165
4.38	0.05293699313315771
4.39	0.051606844100015516
4.4	0.053932992125966805
4.41	0.0595621635768662
4.42	0.06783413487320707
4.43	0.07784213293878779
4.44	0.08853470075426155
4.45	0.09883949497298276
4.46	0.10778802099754202
4.47	0.11462355432524879
4.48	0.11887976175142305
4.49	0.12042243240144467
4.5	0.119450275550431
4.51	0.1164535599042274
4.52	0.11213293006419817
4.53	0.10728613164957534
4.54	0.10267728771947388
4.55	0.09890982079030226
4.56	0.09632719371989551
4.57	0.09496286866969902
4.58	0.09455158830635488
4.59	0.09460009887198517
4.6	0.0945007157976524
4.61	0.0936603846391924
4.62	0.09161477311322277
4.63	0.08810258064665448
4.64	0.0830877717979785
4.65	0.07673258007354351
4.66	0.06933688747181696
4.67	0.06126606918101743
4.68	0.05288817905373946
4.69	0.04453383404564341
4.7	0.03648178352455857
4.71	0.02896394219955273
4.72	0.02217864332724169
4.73	0.016301041577092293
4.74	0.011483861817415003
4.75	0.007847593329297855
4.76	0.005464152742924
4.77	0.00434030085109921
4.78	0.0044064723013045185
4.79	0.005514206779995715
4.8	0.007442639147376981
4.81	0.00991277794042847
4.82	0.012607949928608243
4.83	0.01519925816775669
4.84	0.017375172307020806
4.85	0.018873640237566776
4.86	0.019513329591227417
4.87	0.01921858130517628
4.88	0.01803166739046616
4.89	0.016107076463823613
4.9	0.013686062395440513
4.91	0.011054750514142255
4.92	0.008494024758124809
4.93	0.006232356785259378
4.94	0.00441243017664276
4.95	0.0030787698619010296
4.96	0.0021877639032628227
4.97	0.001635418907533335
4.98	0.00129391562843937
4.99	0.001046792688566945
5.0	0.0008144840676888859
5.01	0.0005659589381576892
5.02	0.00031673391973828546
5.03	0.00011700054322353012
5.04	3.514884745399294e-5
5.05	0.00014157905818554584
5.06	0.0004960949203368255
5.07	0.001140327845370349
5.08	0.002095264402393976
5.09	0.0033632248304014283
5.1	0.004933274389264869
5.11	0.006788598548912806
5.12	0.008913637002629718
5.13	0.011298019809894849
5.14	0.013934232767982783
5.15	0.01680711261363675
5.16	0.01987591946388474
5.17	0.023053258338911645
5.18	0.02618821823684887
5.19	0.02906222130053356
5.2	0.03140414430485142
5.21	0.032926288317241495
5.22	0.03337602774860253
5.23	0.032591725703936175
5.24	0.030548171300278287
5.25	0.02737796882105679
5.26	0.02336103550243768
5.27	0.018883001963041855
5.28	0.014372054642966774
5.29	0.010229681072718357
5.3	0.006771921439972508
5.31	0.004193860295270309
5.32	0.0025627565196563733
5.33	0.0018370895148943885
5.34	0.0019026350503865562
5.35	0.0026142193071589355
5.36	0.003833192397421106
5.37	0.005454590297974201
5.38	0.007422337547633922
5.39	0.00973384311334775
5.4	0.012436164944878422
5.41	0.015615070355294663
5.42	0.019377202828782213
5.43	0.023825636936792023
5.44	0.02903100157664404
5.45	0.035003449502753956
5.46	0.04167336216051838
5.47	0.04888886617784982
5.48	0.05643485219036593
5.49	0.06407163932685128
5.5	0.07158379325799401
5.51	0.07882392568384743
5.52	0.08573535751171751
5.53	0.09234255472446701
5.54	0.09870820881142446
5.55	0.10486758836856029
5.56	0.11076015602801251
5.57	0.11618179349092886
5.58	0.12077667505351318
5.59	0.12407697165271665
5.6	0.12558463483232749
5.61	0.12487709975609292
5.62	0.12171185152706565
5.63	0.11610535355909651
5.64	0.1083691039428469
5.65	0.09909661638091616
5.66	0.08910606828900244
5.67	0.07935103731466905
5.68	0.07081479803698468
5.69	0.06440278163717839
5.7	0.0608450838940772
5.71	0.06061848701459749
5.72	0.06389634520711873
5.73	0.07053421088532685
5.74	0.08009736197216083
5.75	0.09193153660361998
5.76	0.10526968165359063
5.77	0.11935708569329682
5.78	0.133568574091959
5.79	0.14748877597576904
5.8	0.1609327502943704
5.81	0.17389933493592827
5.82	0.18646966126362527
5.83	0.19868185383885267
5.84	0.21042307519403686
5.85	0.22137715450773807
5.86	0.23104984330801956
5.87	0.23886897315406316
5.88	0.24433163451262732
5.89	0.24715371942471473
5.9	0.2473748280690184
5.91	0.24538463571305144
5.92	0.2418608479502476
5.93	0.23763551040970862
5.94	0.23352667656485962
5.95	0.2301799462665942
5.96	0.22795774778317746
5.97	0.22689715259214477
5.98	0.22673651373089787
5.99	0.22699464034088035
6.0	0.2270782978684433
6.01	0.22639509848252043
6.02	0.2244560142945899
6.03	0.22095966096025854
6.04	0.21585485693644146
6.05	0.20937738439300513
6.06	0.20205342912878027
6.07	0.1946601145177101
6.08	0.18813689748076784
6.09	0.18345176920178619
6.1	0.18144079594424278
6.11	0.18265299408294516
6.12	0.1872384573871152
6.13	0.19491173965569353
6.14	0.2050047914026013
6.15	0.21659915845579228
6.16	0.22870382931200023
6.17	0.24043140130425902
6.18	0.25112631238872046
6.19	0.2604146632004292
6.2	0.26817020078171966
6.21	0.27441664829726964
6.22	0.2792041149495059
6.23	0.2825014727760745
6.24	0.284137122958884
6.25	0.28380209520447913
6.26	0.2811092051822573
6.27	0.2756869490558942
6.28	0.26728090024881807
6.29	0.25583849193455854
6.3	0.2415617745094677
6.31	0.22492230069021232
6.32	0.20663903978338516
6.33	0.18762307701726427
6.34	0.1688933809397536
6.35	0.15146898898360894
6.36	0.1362467581565007
6.37	0.12388027962889735
6.38	0.11468200286138999
6.39	0.1085729453955431
6.4	0.10509913052291348
6.41	0.10352036161284886
6.42	0.10295807306730152
6.43	0.10257076580837848
6.44	0.10171475407908327
6.45	0.10004947869620862
6.46	0.09756117840922174
6.47	0.09450215179643573
6.48	0.09126758104729435
6.49	0.08824957874702992
6.5	0.08571280855460708
6.51	0.08372640490035202
6.52	0.08216674700710334
6.53	0.08078226639616046
6.54	0.07929295761476354
6.55	0.0774894219925542
6.56	0.07530066689807235
6.57	0.07281359949314495
6.58	0.07024432442159885
6.59	0.0678756584960915
6.6	0.06598237970045097
6.61	0.06476466641574419
6.62	0.0643032176878035
6.63	0.06454071605449616
6.64	0.06528741577593547
6.65	0.06624567430516971
6.66	0.06704873568253573
6.67	0.06731079781847679
6.68	0.06668581620839166
6.69	0.06493026931754266
6.7	0.06196088366950578
6.71	0.05789445670983013
6.72	0.05305630554285553
6.73	0.04794836455419878
6.74	0.04317724796519251
6.75	0.0393540557959026
6.76	0.036987305164565935
6.77	0.03639430867580158
6.78	0.03765263825788387
6.79	0.0406027961737792
6.8	0.044899197610985465
6.81	0.05009368377336253
6.82	0.05572820624507082
6.83	0.06141322533054127
6.84	0.06687520083895283
6.85	0.07196742550501323
6.86	0.0766493593831607
6.87	0.08094704030077231
6.88	0.08490927041577093
6.89	0.08857148589996777
6.9	0.09193359937387621
6.91	0.09495238509244228
6.92	0.09754530032107864
6.93	0.09960176866973688
6.94	0.10099918270993971
6.95	0.10162260323502043
6.96	0.10138775946089598
6.97	0.1002657646211316
6.98	0.0983054474312589
6.99	0.09564680894634421
7.0	0.09251853329817768
7.01	0.08921477436702843
7.02	0.08605147556588566
7.03	0.08330885406647114
7.04	0.08117221081448392
7.05	0.07968578168336098
7.06	0.07873267950241901
7.07	0.07804824699425861
7.08	0.07726589335356673
7.09	0.07598614296561804
7.1	0.07385366565170862
7.11	0.07062520405013852
7.12	0.0662139993721772
7.13	0.06070259958878116
7.14	0.05432386662774366
7.15	0.04741728819636363
7.16	0.040372429163681216
7.17	0.033572531313406394
7.18	0.02734902587161849
7.19	0.021953170292413338
7.2	0.01754579565943449
7.21	0.014201850770633774
7.22	0.011924114101945302
7.23	0.010660369290873724
7.24	0.010319971143611455
7.25	0.010788039637519432
7.26	0.011937418985848672
7.27	0.013639298601625223
7.28	0.01577289907928481
7.29	0.01823337905760042
7.3	0.020935982053473405
7.31	0.023814245312750133
7.32	0.02681124420485891
7.33	0.029865118405333645
7.34	0.032892705400317274
7.35	0.03577689588047267
7.36	0.03836339344077845
7.37	0.04047055016581692
7.38	0.04191228701736309
7.39	0.042529902146858055
7.4	0.04222524072355281
7.41	0.04098645714138891
7.42	0.03889898722662555
7.43	0.03613801560066188
7.44	0.032943542086876054
7.45	0.029583609555217594
7.46	0.026314001215248635
7.47	0.023343021670183876
7.48	0.0208079639717166
7.49	0.01876639680422402
7.5	0.01720171081381522
7.51	0.01603955553507997
7.52	0.015170487503728606
7.53	0.014474294174660174
7.54	0.013842501749309212
7.55	0.013196788302379362
7.56	0.012501872725594762
7.57	0.0117718276407518
7.58	0.011068974824524506
7.59	0.01049504133200881
7.6	0.010175394030129003
7.61	0.010238816328956587
7.62	0.010796872290920101
7.63	0.011927617601642482
7.64	0.013667627287227861
7.65	0.016013926821277998
7.66	0.018934065029984286
7.67	0.022379449323490525
7.68	0.026295495591218042
7.69	0.030623003209659636
7.7	0.03528844138991649
7.71	0.040185522424731966
7.72	0.045154844689878175
7.73	0.049970753089729016
7.74	0.054343762066247074
7.75	0.0579429212462873
7.76	0.06043657139820194
7.77	0.06154401722417852
7.78	0.061086755457575935
7.79	0.0590273597323151
7.8	0.05548704755682798
7.81	0.05073825140059916
7.82	0.0451743500488126
7.83	0.039263246252466126
7.84	0.03349354953129114
7.85	0.02832164320204753
7.86	0.024125745089966247
7.87	0.021170533570677327
7.88	0.019584127540033632
7.89	0.019348594524404645
7.9	0.020305288378890247
7.91	0.022176217544100894
7.92	0.02460138373312141
7.93	0.02718929122464154
7.94	0.029574195337662954
7.95	0.0314704755663852
7.96	0.032713329911081133
7.97	0.03327683178264678
7.98	0.03326524839679199
7.99	0.03288016744903921
8.0	0.032372359438739125
8.01	0.03199126405356552
8.02	0.03194510760968107
8.03	0.032380812542553816
8.04	0.03338630964286435
8.05	0.03501080715038478
8.06	0.0372933408787456
8.07	0.04028815567325316
8.08	0.04407750854425485
8.09	0.048767367984036095
8.1	0.05446732146924285
8.11	0.0612607459967356
8.12	0.06917348474470003
8.13	0.07814853247592797
8.14	0.08803131572515545
8.15	0.0985665481501151
8.16	0.10940491079160959
8.17	0.12011694123191584
8.18	0.13021254114354766
8.19	0.13916651383704684
8.2	0.14645208539422622
8.21	0.15158413793430503
8.22	0.15417133369002795
8.23	0.15397196924772957
8.24	0.15094380466995538
8.25	0.14527527912116694
8.26	0.13738617923733312
8.27	0.12789066141719152
8.28	0.1175237761307698
8.29	0.10704215902453812
8.3	0.09711743794278348
8.31	0.08824445397567399
8.32	0.08068407987366497
8.33	0.07445251740626103
8.34	0.06935757661882666
8.35	0.06507090161539003
8.36	0.06121685254054066
8.37	0.05745618239634629
8.38	0.05354630322315396
8.39	0.049368336652087313
8.4	0.04492134641382978
8.41	0.04029282747842859
8.42	0.03561914932783661
8.43	0.03104932398686002
8.44	0.02672110772821599
8.45	0.022752248836575895
8.46	0.019244166131476587
8.47	0.01629227674262688
8.48	0.013997046794909731
8.49	0.01247175340002852
8.5	0.011845335596457725
8.51	0.012260145563425896
8.52	0.01386434586968821
8.53	0.016797711597497603
8.54	0.02116901816245992
8.55	0.02702431777208534
8.56	0.03430866470418971
8.57	0.04282839318161838
8.58	0.05222496127136991
8.59	0.06197245144897204
8.6	0.0714076364996289
8.61	0.07979422276352946
8.62	0.08641338647895322
8.63	0.0906641076890779
8.64	0.09215220030828596
8.65	0.09074824513831736
8.66	0.08660174070692352
8.67	0.08010953163836641
8.68	0.07184753142108004
8.69	0.06248252445749197
8.7	0.05268328368383447
8.71	0.043047230854985914
8.72	0.03405213238712209
8.73	0.026034640238381226
8.74	0.019191488645896718
8.75	0.013596324167599688
8.76	0.00922538888527844
8.77	0.0059872462075674475
8.78	0.0037536699324714064
8.79	0.0023894765436313645
8.8	0.0017783590473819764
8.81	0.001840664502792095
8.82	0.0025390058317464005
8.83	0.0038696523764583917
8.84	0.005841718059992657
8.85	0.008450898142852796
8.86	0.011657768244728972
8.87	0.015380531130458008
8.88	0.01950785093590571
8.89	0.023930054717110436
8.9	0.02857903700075844
8.91	0.033461818316785165
8.92	0.03867237650014892
8.93	0.04437183843393921
8.94	0.05073694836444988
8.95	0.05788770479579841
8.96	0.06581334420454552
8.97	0.07431841465977884
8.98	0.08300644509695831
8.99	0.09130896189095897
9.0	0.09855549647766773
9.01	0.10406963564635707
9.02	0.10727026354143906
9.03	0.10775733625114706
9.04	0.1053670966575476
9.05	0.10019019449838572
9.06	0.09255471398040135
9.07	0.08298215900623411
9.08	0.07212689965631419
9.09	0.06070887999998329
9.1	0.049447034760733095
9.11	0.03899857181590881
9.12	0.029908125380649516
9.13	0.02257076861506374
9.14	0.017213047275799923
9.15	0.013895281532628983
9.16	0.012535566842468112
9.17	0.012951408393233157
9.18	0.014910082358860837
9.19	0.01817559072060699
9.2	0.022540199159066136
9.21	0.02783267853835521
9.22	0.03390263585882651
9.23	0.040588475069370133
9.24	0.047682715074916907
9.25	0.054910219125474564
9.26	0.061931394732236786
9.27	0.06837453326681828
9.28	0.07389173199103934
9.29	0.07822457201647527
9.3	0.08126174110206003
9.31	0.08307240935484539
9.32	0.08390572667558512
9.33	0.08415595154404565
9.34	0.08430130960086825
9.35	0.08483001545364346
9.36	0.08616769641385581
9.37	0.08861727004181508
9.38	0.0923171349035472
9.39	0.09721881304506308
9.4	0.10308277731290338
9.41	0.10949149607018946
9.42	0.11588054703320147
9.43	0.1215898467711135
9.44	0.12593562751852655
9.45	0.12829905073265283
9.46	0.1282204139048796
9.47	0.12548151919165734
9.48	0.12015620728646215
9.49	0.11261268206715337
9.5	0.1034612730156128
9.51	0.09345531252309991
9.52	0.08336646594821673
9.53	0.07386429764757557
9.54	0.06542963864756315
9.55	0.05832185509408506
9.56	0.05260411381740761
9.57	0.04821337928969173
9.58	0.04504897143394805
9.59	0.043049384060899115
9.6	0.04223292849169735
9.61	0.04269131083556464
9.62	0.04454154507585682
9.63	0.04785499106510513
9.64	0.052588516017004316
9.65	0.05854040069183607
9.66	0.06534439015351487
9.67	0.07250316073379089
9.68	0.07945183382858698
9.69	0.08563612141154407
9.7	0.09058904565468937
9.71	0.09399353352950476
9.72	0.09572298764200823
9.73	0.0958559047532988
9.74	0.09466287693420587
9.75	0.09256562740585736
9.76	0.09006978962968613
9.77	0.08767728001450079
9.78	0.0857902157515947
9.79	0.08462443311375317
9.8	0.08415366042622319
9.81	0.08410250193622318
9.82	0.08399669408644687
9.83	0.0832644929381203
9.84	0.08136790998191755
9.85	0.07793217815833582
9.86	0.0728404974586366
9.87	0.0662699831991329
9.88	0.0586613098055067
9.89	0.05063336268346628
9.9	0.04286891898421811
9.91	0.0360031422599368
9.92	0.030542041760716024
9.93	0.02682541241398658
9.94	0.02503329348470748
9.95	0.02522240220379542
9.96	0.02737332403671504
9.97	0.03143129748977556
9.98	0.037330848584002894
9.99	0.04500312000296468
10.0	0.05437057505972514
