0.	1.
0.01	0.9964098213532196
0.02	0.9857562512775825
0.03	0.968383587748432
0.04	0.9448441414140079
0.05	0.9158675954727352
0.06	0.8823212497227472
0.07	0.8451639803195992
0.08	0.8053971447538372
0.09	0.764015800777315
0.1	0.7219634804912195
0.11	0.6800933811941657
0.12	0.6391382386640109
0.13	0.5996903899541769
0.14	0.5621926781783063
0.15	0.526939974863135
0.16	0.4940902705657978
0.17	0.46368357996505566
0.18	0.43566638013837267
0.19	0.4099189902582006
0.2	0.3862832277093712
0.21000000000000002	0.3645878386320906
0.22	0.344669578345407
0.23	0.3263883687524668
0.24	0.309635630873499
0.25	0.2943356169053966
0.26	0.28044027999905785
0.27	0.2679188562556949
0.28	0.25674383568596476
0.29000000000000004	0.24687532383596533
0.3	0.23824591726639827
0.31	0.23074812695532324
0.32	0.22422609623863324
0.33	0.21847290429237648
0.34	0.2132341674720873
0.35	0.2082180046874931
0.36	0.20311078038374197
0.37	0.19759744034386081
0.38	0.19138476640286084
0.39	0.18422554064140914
0.4	0.17594145763203967
0.41000000000000003	0.16644266785865763
0.42000000000000004	0.15574207172074397
0.43	0.14396288966213167
0.44	0.13133857314750458
0.45	0.11820474530491212
0.46	0.1049835140188932
0.47000000000000003	0.09216112715041566
0.48	0.08026048558511958
0.49	0.06981044901022031
0.5	0.06131412744654879
0.51	0.0552184288454738
0.52	0.05188702562798322
0.53	0.051578622906729654
0.54	0.05443198477846453
0.55	0.06045864082188397
0.56	0.06954359932149626
0.5700000000000001	0.08145378728573006
0.5800000000000001	0.09585337008776858
0.5900000000000001	0.11232462082085244
0.6	0.13039264801539535
0.61	0.1495520756207761
0.62	0.16929371334057008
0.63	0.18912935699210723
0.64	0.20861310287014648
0.65	0.22735792107334055
0.66	0.2450466756271456
0.67	0.26143726384026716
0.68	0.276362031758539
0.6900000000000001	0.28972206684386886
0.7000000000000001	0.3014773383697745
0.71	0.3116339237311584
0.72	0.3202297080456324
0.73	0.3273199690608334
0.74	0.3329641642857751
0.75	0.3372150371023268
0.76	0.3401108761380504
0.77	0.3416714258466535
0.78	0.3418975874481251
0.79	0.3407746996203193
0.8	0.3382788764912828
0.81	0.33438563051512227
0.8200000000000001	0.3290798370100501
0.8300000000000001	0.3223660150511199
0.8400000000000001	0.3142779075527593
0.8500000000000001	0.3048864356190249
0.86	0.2943052658607777
0.87	0.28269344661154877
0.88	0.2702548188806748
0.89	0.2572341683691954
0.9	0.24391033464518716
0.91	0.2305867138624931
0.92	0.21757976733061457
0.93	0.20520626971403755
0.9400000000000001	0.19377009275492782
0.9500000000000001	0.18354932336268553
0.9600000000000001	0.17478446344079665
0.97	0.1676683613395394
0.98	0.16233839230531802
0.99	0.15887125006509106
1.	0.15728054622640975
1.01	0.15751725010707154
1.02	0.1594728488657419
1.03	0.16298497410270218
1.04	0.16784513170518123
1.05	0.17380808948842186
1.06	0.1806024228732748
1.07	0.187941691505863
1.08	0.1955357172744851
1.09	0.2031014538966604
1.1	0.21037297724382634
1.11	0.21711018109972854
1.12	0.2231058326752921
1.1300000000000001	0.22819072379249936
1.1400000000000001	0.2322367452120171
1.1500000000000001	0.23515781101037042
1.1600000000000001	0.23690866469390362
1.17	0.2374817056564857
1.18	0.2369020795524284
1.19	0.23522137414504374
1.2	0.23251034739459067
1.21	0.2288511806940859
1.22	0.22432979101517156
1.23	0.21902874573400555
1.24	0.2130212988936831
1.25	0.2063670055186338
1.26	0.19910927187374727
1.27	0.19127506784949602
1.28	0.18287686972528983
1.29	0.1739167271872812
1.3	0.16439216991492422
1.31	0.15430350023325673
1.32	0.14366187377280898
1.33	0.13249746363510775
1.34	0.12086694708740939
1.35	0.10885955591460741
1.36	0.09660099653411847
1.37	0.0842546730572889
1.3800000000000001	0.0720198294775595
1.3900000000000001	0.060126454626338914
1.4000000000000001	0.04882704936740708
1.4100000000000001	0.03838562006900968
1.42	0.029064514037962473
1.43	0.021109929417185008
1.44	0.014737093811213688
1.45	0.010116195951161823
1.46	0.0073601616138439215
1.47	0.006515283867190687
1.48	0.007555550920686156
1.49	0.010381272262076042
1.5	0.01482230215266933
1.51	0.02064582151868033
1.52	0.02756829147007293
1.53	0.03527086266215598
1.54	0.043417242530652024
1.5499999999999998	0.05167281212347422
1.56	0.05972366556346485
1.57	0.06729423062148245
1.58	0.0741622224010615
1.59	0.08016987847400613
1.6	0.08523070866768642
1.61	0.08933134374655896
1.62	0.09252845579423052
1.6300000000000001	0.0949411165679312
1.6400000000000001	0.09673932466290908
1.6500000000000001	0.09812973597555134
1.6600000000000001	0.09933984735932055
1.6700000000000002	0.10060199043441523
1.6800000000000002	0.10213848036528743
1.69	0.10414913260362484
1.7	0.10680211936787445
1.71	0.11022880730639079
1.72	0.11452282714788915
1.73	0.119743210030298
1.74	0.12592102153349252
1.75	0.13306857084567295
1.76	0.14119000287612876
1.77	0.15029192251229384
1.78	0.160392670115754
1.79	0.1715289719212463
1.8	0.18375892220466483
1.81	0.19716059790968274
1.82	0.21182603220543914
1.83	0.22785074419212126
1.84	0.24531949547255244
1.85	0.26428937683021875
1.86	0.2847716784374788
1.87	0.30671422966686807
1.8800000000000001	0.32998598399051743
1.8900000000000001	0.35436555697523375
1.9000000000000001	0.3795352009482389
1.9100000000000001	0.40508133240369293
1.9200000000000002	0.43050224459627323
1.9300000000000002	0.45522307598813117
1.94	0.4786175111694317
1.95	0.5000351145226631
1.96	0.5188326879910984
1.97	0.5344076480110568
1.98	0.5462311695327946
1.99	0.5538787716831871
2.	0.5570561302956551
2.01	0.5556181920783619
2.02	0.5495801131903633
2.03	0.5391191173161003
2.04	0.5245670198917586
2.05	0.5063938436621619
2.06	0.4851836011743319
2.07	0.4616038890111417
2.08	0.436371379908152
2.09	0.41021557630356037
2.1	0.3838432799729762
2.11	0.3579061304987407
2.12	0.332973280002505
2.13	0.30951082788618395
2.14	0.2878690756350574
2.15	0.26827802635617065
2.16	0.25085090071721156
2.17	0.23559482540391743
2.18	0.2224273234363797
2.19	0.21119684074379902
2.2	0.20170531139681772
2.21	0.19373071132896946
2.2199999999999998	0.18704767778048545
2.23	0.18144456373595055
2.2399999999999998	0.1767357235968762
2.25	0.17276834692900772
2.26	0.16942372225183744
2.27	0.16661337007043966
2.28	0.16427098268812332
2.29	0.16234150279551193
2.3	0.1607689284502827
2.31	0.1594845269970117
2.32	0.15839706787250887
2.33	0.15738645273552845
2.34	0.15630175417527942
2.35	0.15496420697856092
2.36	0.15317517318651724
2.37	0.1507285734595332
2.38	0.14742679244515491
2.39	0.1430986705486032
2.4	0.13761792602361272
2.41	0.13092023520814347
2.42	0.12301724662177957
2.43	0.1140060131527264
2.44	0.10407267774268558
2.45	0.09348971099280615
2.46	0.08260653309562761
2.47	0.07183391028155063
2.48	0.06162304836548599
2.49	0.05244076619628038
2.5	0.04474247961177892
2.5100000000000002	0.03894493173792187
2.52	0.03540065067179007
2.5300000000000002	0.034375997390138954
2.54	0.036034396011650434
2.5500000000000003	0.04042593932090849
2.56	0.04748406958431983
2.57	0.057029490629248995
2.5799999999999996	0.06878091817899819
2.59	0.08237176746942036
2.5999999999999996	0.09737145180680702
2.61	0.11330965665473328
2.6199999999999997	0.12970178407543026
2.63	0.14607374245894345
2.6399999999999997	0.16198438391893666
2.65	0.17704415143336355
2.6599999999999997	0.1909288637620095
2.67	0.20338800403113746
2.6799999999999997	0.2142473481736372
2.69	0.22340623117430733
2.6999999999999997	0.2308301634390191
2.71	0.23653984318890084
2.7199999999999998	0.240597838395044
2.73	0.24309431838457005
2.7399999999999998	0.24413319695457955
2.75	0.24381991278618792
2.76	0.24225183634958633
2.77	0.23951198066643273
2.78	0.23566633716786786
2.79	0.23076479100683575
2.8	0.2248452256520093
2.81	0.2179401341371849
2.82	0.21008483781824588
2.83	0.20132628900134344
2.84	0.19173140859588825
2.85	0.1813939821385689
2.86	0.17043929669761507
2.87	0.15902592961801262
2.88	0.14734437477491844
2.89	0.13561248686873384
2.9	0.12406801261931773
2.91	0.11295873458356342
2.92	0.10253095771256235
2.93	0.09301720522076581
2.94	0.08462405002745431
2.95	0.07752098917059214
2.96	0.07183117622894757
2.97	0.06762467196326864
2.98	0.06491467183397784
2.99	0.06365693954636512
3.	0.06375243831832413
3.0100000000000002	0.06505292558899771
3.02	0.06736907961295267
3.0300000000000002	0.07048057151251488
3.04	0.07414739315503763
3.0500000000000003	0.0781217040643958
3.06	0.08215946898778304
3.0700000000000003	0.08603121683012521
3.08	0.08953135293954126
3.0900000000000003	0.09248558911889496
3.1	0.0947562068070552
3.1100000000000003	0.09624502597306978
3.12	0.09689410362257336
3.1300000000000003	0.09668432140333343
3.14	0.09563213395590765
3.1500000000000004	0.09378483341780819
3.16	0.09121473861835327
3.17	0.08801274027271548
3.1799999999999997	0.08428162827195289
3.19	0.0801295978975264
3.1999999999999997	0.07566428334486822
3.21	0.07098760458032892
3.2199999999999998	0.06619164242072975
3.23	0.061355681471682376
3.2399999999999998	0.05654448513880374
3.25	0.05180779450541587
3.26	0.0471809758952009
3.27	0.04268668227406328
3.28	0.03833734276806452
3.29	0.03413825376053513
3.3	0.0300910154990412
3.31	0.026197041114176683
3.32	0.022460861617863707
3.33	0.018892961837426513
3.34	0.015511909007472704
3.35	0.01234557790865822
3.36	0.009431333145306387
3.37	0.006815098425792481
3.38	0.004549321362422193
3.39	0.0026899259426160864
3.4	0.0012924279950672802
3.41	0.0004074655109823304
3.42	0.00007605914439242416
3.43	0.0003249624690038195
3.44	0.0011624813901451613
3.45	0.0025751337945721063
3.46	0.0045254824005448524
3.47	0.006951406585421208
3.48	0.009766986032587957
3.49	0.012865056171632859
3.5	0.016121370581889113
3.5100000000000002	0.01940017840247645
3.52	0.022560905807247584
3.5300000000000002	0.025465530179865897
3.54	0.027986163180004534
3.5500000000000003	0.030012321922305386
3.56	0.03145737077771628
3.5700000000000003	0.03226366134197244
3.58	0.032405982796038714
3.5900000000000003	0.031893053536819566
3.6	0.030766928700775818
3.6100000000000003	0.029100355617962405
3.62	0.02699226729795766
3.6300000000000003	0.02456174926231671
3.64	0.02194093462875274
3.65	0.019267365458055834
3.6599999999999997	0.01667639708648903
3.67	0.014294212329328145
3.6799999999999997	0.01223195413527358
3.69	0.010581382912935207
3.6999999999999997	0.009412326798091453
3.71	0.008772031410966571
3.7199999999999998	0.008686344362216618
3.73	0.009162504228948315
3.7399999999999998	0.010193159019235178
3.75	0.011761128734988406
3.76	0.013844361108411533
3.77	0.016420515606100687
3.78	0.019470650462654844
3.79	0.02298157805588003
3.8	0.02694658789906851
3.81	0.03136440232110698
3.82	0.036236412812689286
3.83	0.04156242845427389
3.84	0.0473353348284753
3.85	0.053535196503593285
3.86	0.06012342527875014
3.87	0.06703767044302297
3.88	0.07418806159137983
3.89	0.0814553495697771
3.9	0.08869135269027716
3.91	0.0957219341321903
3.92	0.10235252710646296
3.93	0.10837600437508849
3.94	0.11358247685766291
3.95	0.11777042078362421
3.96	0.12075839070202278
3.97	0.1223964898033604
3.98	0.12257674804422898
3.99	0.1212416057436713
4.	0.11838981319215611