0.	0.
0.01	-7.189339872819804e-7
0.02	-0.00001145192568846163
0.03	-0.00005754742376305256
0.04	-0.00018000116199583835
0.05	-0.0004336310882625521
0.06	-0.0008846224454601348
0.07	-0.0016075333611962356
0.08	-0.002681865836116246
0.09	-0.004188317132320358
0.1	-0.006204834399066326
0.11	-0.008802603414481138
0.12	-0.012042112560728525
0.13	-0.015969446279974143
0.14	-0.020612977088879443
0.15	-0.025980638488465813
0.16	-0.0320579677377526
0.17	-0.038807101417684016
0.18	-0.04616688215363551
0.19	-0.05405418754408216
0.2	-0.062366520944289815
0.21	-0.07098581088625174
0.22	-0.0797832585213582
0.23	-0.08862496148728276
0.24	-0.09737794183607384
0.25	-0.10591613000209085
0.26	-0.11412581995870197
0.27	-0.12191012293563967
0.28	-0.12919201302789987
0.29	-0.13591567548900937
0.3	-0.14204602789739812
0.31	-0.14756646949716207
0.32	-0.1524751037486111
0.33	-0.15677985015685422
0.34	-0.16049299139777073
0.35	-0.16362577241796358
0.36	-0.16618366829211098
0.37	-0.16816286477559952
0.38	-0.1695483568298534
0.39	-0.17031388192132668
0.4	-0.1704236894813284
0.41000000000000003	-0.1698359322991316
0.42000000000000004	-0.16850727676567875
0.43	-0.16639819026200145
0.44	-0.16347829234032754
0.45	-0.15973115941564478
0.46	-0.15515804822879523
0.47	-0.1497801396088687
0.48	-0.1436390816408479
0.49	-0.1367958060887113
0.5	-0.12932777851189614
0.51	-0.12132499807635
0.52	-0.11288517033805183
0.53	-0.10410852580264249
0.54	-0.09509274808890478
0.55	-0.08592841553949052
0.56	-0.0766952631281897
0.5700000000000001	-0.06745945532979232
0.5800000000000001	-0.05827194373375311
0.5900000000000001	-0.049167881669706794
0.6000000000000001	-0.04016699314638999
0.61	-0.03127474978718026
0.62	-0.02248419536765673
0.63	-0.013778265617876696
0.64	-0.005132470184618598
0.65	0.003482177784008632
0.66	0.01209609100252309
0.67	0.020738011235917623
0.68	0.029432025704603567
0.6900000000000001	0.03819487078407527
0.7	0.04703373092146376
0.71	0.05594475989981916
0.72	0.06491254250675518
0.73	0.07391066698649555
0.74	0.08290348819555488
0.75	0.09184903199905224
0.76	0.10070283556809129
0.77	0.10942235585434817
0.78	0.11797143464246038
0.79	0.1263242095590054
0.8	0.13446782958739034
0.81	0.14240338705856098
0.8200000000000001	0.15014462104145856
0.8300000000000001	0.1577141719810801
0.8400000000000001	0.165137453704707
0.85	0.17243452467846704
0.86	0.1796106462469622
0.87	0.18664646971101068
0.88	0.19348895810426628
0.89	0.20004419317704036
0.9	0.20617312801489393
0.91	0.2116911223860846
0.92	0.216371760355557
0.9299999999999999	0.21995503275334516
0.94	0.2221595173218065
0.95	0.22269775928976865
0.96	0.2212936963365234
0.97	0.21770072827327824
0.98	0.21171893349649457
0.99	0.2032099938226022
1.	0.19210859971801564
1.01	0.17842944372255107
1.02	0.16226933053715492
1.03	0.14380438778031776
1.04	0.1232827989465127
1.05	0.10101385087408532
1.06	0.0773543536234115
1.07	0.0526936275807637
1.08	0.027438254651653185
1.0899999999999999	0.0019976686046713835
1.1	-0.023228560302158946
1.1099999999999999	-0.047861173323644216
1.1199999999999999	-0.07154913424941681
1.13	-0.09397501935125205
1.14	-0.11485813694502599
1.15	-0.13395578919659248
1.16	-0.1510631685747572
1.17	-0.1660123824789927
1.18	-0.17867103647938257
1.19	-0.18894070119453077
1.2	-0.19675546510081815
1.21	-0.20208065914966408
1.22	-0.20491174738949458
1.23	-0.20527332143387492
1.24	-0.2032181173320832
1.25	-0.19882598476848515
1.26	-0.19220276813468595
1.27	-0.18347909167273754
1.28	-0.1728090621490137
1.29	-0.1603689020353649
1.3	-0.14635550006243497
1.31	-0.1309848178875056
1.32	-0.11449003208711878
1.33	-0.09711923534105107
1.34	-0.07913248700988897
1.35	-0.06079800705066308
1.36	-0.04238735878476803
1.37	-0.02416956778729469
1.3800000000000001	-0.00640426896844383
1.3900000000000001	0.010665854650272782
1.4	0.02682290367844739
1.4100000000000001	0.04188127747641132
1.42	0.055694188563893035
1.43	0.06815847030407869
1.44	0.07921703861882795
1.45	0.0888585257929436
1.46	0.09711384106768603
1.47	0.10404970524724244
1.48	0.10975952189764472
1.49	0.11435224750542367
1.5	0.11794016863179292
1.51	0.12062665234220574
1.52	0.12249498374752653
1.53	0.12359933160969133
1.54	0.1239586950190057
1.55	0.12355440116392967
1.56	0.12233137832343094
1.57	0.12020305945628734
1.58	0.11705942279800244
1.59	0.11277738637811756
1.6	0.10723257491238893
1.61	0.10031138965854579
1.62	0.0919223398902364
1.6300000000000001	0.08200572956554787
1.6400000000000001	0.07054101281785888
1.6500000000000001	0.05755140611568943
1.6600000000000001	0.04310563765246547
1.6700000000000002	0.02731699030008522
1.6800000000000002	0.010340022740778887
1.6900000000000002	-0.007634487786075117
1.7000000000000002	-0.026385759429700978
1.7100000000000002	-0.0456697566367467
1.7200000000000002	-0.06522592973500153
1.73	-0.08478351714935464
1.7400000000000002	-0.10406713404727702
1.75	-0.122801524660024
1.76	-0.14071549135503336
1.77	-0.157545116051229
1.78	-0.17303645027844552
1.79	-0.18694786817040918
1.8	-0.19905225776207422
1.81	-0.20913918084579722
1.82	-0.21701707350049823
1.83	-0.2225155013138223
1.84	-0.22548743597543333
1.85	-0.2258114900761961
1.86	-0.22339403667804714
1.87	-0.21817114714438532
1.8800000000000001	-0.21011029903974338
1.8900000000000001	-0.19921182798322873
1.9000000000000001	-0.18551011550881258
1.9100000000000001	-0.16907451322976694
1.92	-0.15000999878843296
1.93	-0.1284575415239162
1.94	-0.10459412915684724
1.95	-0.07863237722713733
1.96	-0.050819617894561714
1.97	-0.021436351084781938
1.98	0.009206055847631081
1.99	0.04076851127972289
2.	0.07288823575278253
2.01	0.10518368700117661
2.02	0.13726030628434552
2.03	0.16871695674502915
2.04	0.19915287125716213
2.05	0.2281748893486114
2.06	0.2554047443999629
2.07	0.2804861643708292
2.08	0.30309156952994354
2.09	0.3229281841625604
2.1	0.339743419493091
2.11	0.353329425287991
2.12	0.36352674201481605
2.13	0.37022701035587446
2.14	0.37337470937771955
2.15	0.3729679006132991
2.16	0.3690579568783122
2.17	0.3617482572597463
2.1799999999999997	0.35119183883060845
2.19	0.3375880154053795
2.2	0.32117800582602307
2.21	0.3022396576389018
2.2199999999999998	0.2810814023599595
2.23	0.2580356291880026
2.24	0.23345170708130025
2.25	0.20768891278141555
2.2600000000000002	0.18110952852561732
2.27	0.15407235464405156
2.2800000000000002	0.12692683953387335
2.29	0.1000079670814448
2.3000000000000003	0.07363196727148436
2.31	0.04809283949851522
2.3200000000000003	0.0236596106286315
2.33	0.0005742006796181642
2.3400000000000003	-0.020950255094670897
2.35	-0.040730774999987264
2.3600000000000003	-0.05861570743843294
2.37	-0.07448578087559238
2.3800000000000003	-0.08825503005780633
2.39	-0.09987153760319134
2.4000000000000004	-0.10931787646756189
2.41	-0.11661110437248783
2.4200000000000004	-0.12180215196557087
2.43	-0.12497446398978906
2.4400000000000004	-0.12624179444906408
2.45	-0.12574511627092666
2.4600000000000004	-0.12364867432448885
2.47	-0.12013527797632463
2.4800000000000004	-0.11540098663568213
2.49	-0.10964938234876506
2.5	-0.10308564433090572
2.5100000000000002	-0.09591064211281226
2.5200000000000005	-0.08831525090942303
2.5300000000000002	-0.08047507142810015
2.54	-0.07254571389108552
2.5500000000000003	-0.06465878879537296
2.56	-0.056918738475438414
2.57	-0.04940064375933931
2.58	-0.042149144782098476
2.59	-0.035178616769082294
2.6	-0.028474730742168552
2.61	-0.021997496085675833
2.62	-0.01568581954682799
2.63	-0.009463520855617663
2.64	-0.003246622108634023
2.65	0.0030484136064286016
2.66	0.009495963090805803
2.67	0.016152638603869063
2.68	0.02304948015677752
2.69	0.030185653959475228
2.7	0.037524319958240154
2.71	0.044991205050428223
2.72	0.05247621682084978
2.73	0.059838170967439264
2.74	0.06691240932470383
2.75	0.07352078711147333
2.7600000000000002	0.07948324351288531
2.77	0.08462997322622147
2.7800000000000002	0.08881311606868657
2.79	0.09191689449969619
2.8	0.09386525877592633
2.81	0.09462633558241076
2.8200000000000003	0.09421329368933656
2.83	0.09268160378092662
2.84	0.09012303682284493
2.85	0.08665707279407489
2.86	0.08242064053680676
2.87	0.07755725088918439
2.88	0.07220660384129507
2.8899999999999997	0.06649564655014747
2.9	0.06053184853392924
2.9099999999999997	0.0543991723177466
2.92	0.0481568903832027
2.9299999999999997	0.041841074394827746
2.94	0.035468300238902205
2.9499999999999997	0.029040904956728522
2.96	0.02255302020946364
2.9699999999999998	0.015996598591009686
2.98	0.009366736812921043
2.9899999999999998	0.0026657639744936037
3.	-0.004094224687878329
3.01	-0.010890480781129044
3.02	-0.01769024406458051
3.03	-0.024452626429665742
3.04	-0.031131346560254236
3.05	-0.03767788451193156
3.06	-0.04404464985072683
3.07	-0.050187830856113516
3.08	-0.05606969570391452
3.09	-0.06166022734075437
3.1	-0.06693807162725227
3.11	-0.0718908483060677
3.12	-0.07651490919329566
3.13	-0.08081462895681962
3.1399999999999997	-0.08480128986265248
3.15	-0.08849158724827931
3.16	-0.0919057536073089
3.17	-0.09506529082357845
3.1799999999999997	-0.097990322065717
3.19	-0.10069662950549996
3.2	-0.10319252525981758
3.21	-0.10547579684949629
3.22	-0.10753105546847994
3.23	-0.10932787374210452
3.24	-0.11082010964678209
3.25	-0.11194676110268066
3.2600000000000002	-0.112634576979236
3.27	-0.11280247160543125
3.2800000000000002	-0.11236756935118217
3.29	-0.11125247084376416
3.3000000000000003	-0.10939311611371999
3.31	-0.10674645662282702
3.3200000000000003	-0.10329706756167518
3.33	-0.09906185452126397
3.3400000000000003	-0.09409214195449112
3.35	-0.08847266683539204
3.3600000000000003	-0.08231731663509788
3.37	-0.07576181061137445
3.3800000000000003	-0.06895388375102598
3.39	-0.06204184747901336
3.4000000000000004	-0.05516262845321298
3.41	-0.04843049439755799
3.4200000000000004	-0.04192764666998109
3.43	-0.035697693166128135
3.4400000000000004	-0.02974272991913949
3.45	-0.024024388505391243
3.46	-0.018468793314459567
3.47	-0.012974967265599706
3.4800000000000004	-0.0074258746070652755
3.49	-0.0017010352278285408
3.5	0.004310486255773722
3.5100000000000002	0.010697910388423906
3.52	0.017518454391211323
3.53	0.02478975052742452
3.54	0.0324854867570742
3.55	0.04053444405376675
3.56	0.0488227747388617
3.57	0.05719908504315106
3.58	0.06548168135321689
3.59	0.07346722922365258
3.6	0.08094005945264465
3.61	0.08768142559867292
3.62	0.09347815124401404
3.63	0.09813027576458198
3.64	0.1014574853453247
3.65	0.10330427532839215
3.66	0.10354391110303139
3.67	0.10208132699277159
3.68	0.09885512501479458
3.69	0.09383881582240203
3.7	0.0870413969370054
3.71	0.0785073061436313
3.72	0.06831573799057904
3.73	0.056579282485301
3.74	0.04344184515313751
3.75	0.029075837339521675
3.76	0.013678678793544022
3.77	-0.002531280435924488
3.7800000000000002	-0.01931924947023192
3.79	-0.03643868302037489
3.8	-0.05363593395444731
3.81	-0.07065465973130526
3.82	-0.08723982336549527
3.83	-0.10314120970118115
3.84	-0.11811647213896447
3.8499999999999996	-0.13193381719784322
3.86	-0.14437450739859778
3.8699999999999997	-0.15523540230776428
3.88	-0.16433175361914018
3.8899999999999997	-0.17150042021383094
3.9	-0.17660357820058015
3.9099999999999997	-0.1795328810550964
3.92	-0.1802138935811289
3.9299999999999997	-0.1786105006812463
3.94	-0.17472889765990757
3.9499999999999997	-0.16862071932977535
3.96	-0.16038487084962838
3.9699999999999998	-0.15016768656580892
3.98	-0.13816115853156102
3.9899999999999998	-0.12459913076909765
4.	-0.10975153008921844
4.01	-0.09391687790916613
4.02	-0.07741347876799937
4.03	-0.060569792131720084
4.04	-0.04371455231280358
4.05	-0.02716720185644366
4.06	-0.01122914920705572
4.07	0.003823738532796654
4.08	0.017747127541732875
4.09	0.030332557192799436
4.1	0.04141012968995165
4.109999999999999	0.050849669117476015
4.12	0.05856055585969603
4.13	0.06449049138809362
4.14	0.06862346050425062
4.1499999999999995	0.07097713870713938
4.16	0.0715999505959565
4.17	0.07056793214906558
4.18	0.0679814962125228
4.19	0.06396215555132115
4.2	0.05864922715147114
4.21	0.052196527152655076
4.22	0.044769066280258236
4.23	0.036539766557313585
4.24	0.027686235444809068
4.25	0.01838764722708229
4.26	0.008821788389134033
4.2700000000000005	-0.0008376790244678106
4.28	-0.010423694907022673
4.29	-0.019777999071634255
4.3	-0.028753054077458585
4.3100000000000005	-0.037213720934096806
4.32	-0.0450387334465093
4.33	-0.05212202499043436
4.34	-0.0583739579611852
4.3500000000000005	-0.06372249136978286
4.36	-0.06811429853196263
4.37	-0.07151581854547728
4.38	-0.07391419706196523
4.390000000000001	-0.07531804831304748
4.4	-0.07575795496244955
4.41	-0.07528661697435894
4.42	-0.07397856526773669
4.43	-0.07192936872767665
4.44	-0.06925428130087967
4.45	-0.06608629622611224
4.46	-0.06257359429691356
4.47	-0.058876391033420454
4.4799999999999995	-0.05516320400984993
4.489999999999999	-0.05160657820018294
4.5	-0.048378327017019045
4.51	-0.04564437288856408
4.52	-0.04355930602693678
4.529999999999999	-0.042260823822036615
4.54	-0.04186426364800254
4.55	-0.04245749336109526
4.56	-0.044096468270064464
4.569999999999999	-0.046801791041736394
4.58	-0.05055661187155351
4.59	-0.05530617200952331
4.6	-0.060959219668647105
4.609999999999999	-0.06739141384142727
4.62	-0.0744506849681092
4.63	-0.08196435403351057
4.64	-0.08974764072592784
4.6499999999999995	-0.09761303693986623
4.66	-0.10537990463011372
4.67	-0.11288359466971012
4.68	-0.11998338829406933
4.6899999999999995	-0.1265686395817574
4.7	-0.13256264191806957
4.71	-0.13792394023207707
4.72	-0.14264504305699646
4.7299999999999995	-0.14674872805032413
4.74	-0.15028235364633846
4.75	-0.15331076208799485
4.76	-0.15590846484738746
4.77	-0.1581518284998434
4.78	-0.16011192576785788
4.79	-0.161848591497049
4.8	-0.1634060448564185
4.8100000000000005	-0.16481023188936283
4.82	-0.16606783469238295
4.83	-0.1671667121704042
4.84	-0.16807740505860352
4.8500000000000005	-0.16875526947049596
4.86	-0.16914280367675222
4.87	-0.169171797029452
4.88	-0.16876504375926554
4.890000000000001	-0.16783750703013836
4.9	-0.16629696619261247
4.91	-0.1640443093164189
4.92	-0.160973724716374
4.930000000000001	-0.15697308726670647
4.94	-0.15192482441364957
4.95	-0.14570748828343977
4.96	-0.13819816690831366
4.970000000000001	-0.12927575701305513
4.98	-0.1188250122883849
4.99	-0.10674119205176985
5.	-0.09293507822408616
5.010000000000001	-0.07733810926501336
5.0200000000000005	-0.05990739605962846
5.03	-0.04063042768452746
5.04	-0.01952933045682729
5.050000000000001	0.0033354044113730608
5.0600000000000005	0.027861775638205036
5.07	0.05390375527228555
5.08	0.08126947377084748
5.09	0.10972023424618493
5.1	0.13897055288419502
5.109999999999999	0.1686894891616902
5.12	0.198503572546491
5.13	0.2280016323583586
5.14	0.2567417800001653
5.1499999999999995	0.2842606718593646
5.16	0.31008500137852246
5.17	0.33374494563211143
5.18	0.3547890503594395
5.1899999999999995	0.37279980944014496
5.2	0.38740901401760447
5.21	0.3983118436760549
5.22	0.40527867012926866
5.2299999999999995	0.40816365365476476
5.24	0.4069094303995947
5.25	0.4015474961600289
5.26	0.3921942576143458
5.27	0.37904310421925635
5.28	0.36235320798482623
5.29	0.3424360411057955
5.3	0.31964077799696183
5.31	0.29433979676076216
5.32	0.26691540989146056
5.33	0.23774874671727958
5.34	0.20721140807564434
5.35	0.17566015640098703
5.359999999999999	0.14343453774562454
5.37	0.11085700242902571
5.38	0.07823483806500353
5.39	0.04586308117447626
5.4	0.014027544796038884
5.41	-0.01699281378763958
5.42	-0.04692477770553353
5.430000000000001	-0.07550135113144488
5.44	-0.10246390363632527
5.45	-0.12756578331622964
5.46	-0.15057699004298639
5.470000000000001	-0.17128936194469757
5.48	-0.18952167922512914
5.49	-0.20512412938925348
5.5	-0.21798169335949308
5.510000000000001	-0.2280161789801822
5.5200000000000005	-0.235186817090738
5.53	-0.23948951476800723
5.54	-0.24095500351450416
5.550000000000001	-0.23964620816829366
5.5600000000000005	-0.23565518683358525
5.57	-0.22909995624298113
5.58	-0.2201214338968628
5.590000000000001	-0.2088806186366422
5.6000000000000005	-0.1955560188896558
5.61	-0.1803412455018084
5.62	-0.16344263153211944
5.630000000000001	-0.14507673410373734
5.640000000000001	-0.12546761313791727
5.65	-0.10484385878885061
5.66	-0.0834354363261521
5.67	-0.061470512470874886
5.680000000000001	-0.03917249893569624
5.69	-0.016757579181996066
5.7	0.0055670374530969735
5.71	0.027603965204574678
5.72	0.04916554523856136
5.7299999999999995	0.07007289915606066
5.74	0.09015437744774454
5.75	0.10924377298897833
5.76	0.12717874794707087
5.77	0.14379993642232083
5.78	0.1589511269824177
5.79	0.17248080243575264
5.8	0.184245133314742
5.81	0.19411231042522023
5.82	0.20196789009025373
5.83	0.20772064440431817
5.84	0.21130828563721207
5.85	0.2127023890264077
5.86	0.2119118809657725
5.87	0.20898458711475087
5.88	0.20400653225000676
5.89	0.19709892582549277
5.9	0.1884130228415298
5.91	0.1781232854590268
5.92	0.1664194563421712
5.93	0.15349826656150695
5.94	0.13955552588884274
5.95	0.12477928021621183
5.96	0.10934458015874608
5.97	0.09341020713937286
5.98	0.07711747563545984
5.99	0.06059100271001795
6.	0.043941136748574965
6.01	0.02726758927314828
6.0200000000000005	0.010663731207285497
6.03	-0.005778997487715279
6.04	-0.02196706368179996
6.050000000000001	-0.03780159822642487
6.0600000000000005	-0.05317619563776929
6.07	-0.06797587344534105
6.08	-0.08207717532759269
6.090000000000001	-0.09534929677518279
6.1000000000000005	-0.10765604443960783
6.11	-0.118858413365523
6.12	-0.12881757573130598
6.130000000000001	-0.13739811065235744
6.140000000000001	-0.1444713537735671
6.15	-0.14991879381674875
6.16	-0.15363547887403617
6.170000000000001	-0.15553340996152826
6.180000000000001	-0.15554489033585622
6.19	-0.15362576900771743
6.2	-0.1497584731965214
6.210000000000001	-0.1439546777778471
6.220000000000001	-0.13625742178840283
6.23	-0.12674246334666361
6.24	-0.11551867239920682
6.250000000000001	-0.10272729852143542
6.260000000000001	-0.08854001655817474
6.2700000000000005	-0.07315573942859335
6.28	-0.05679628456365454
6.290000000000001	-0.03970107587822655
6.300000000000001	-0.022121144623645034
6.3100000000000005	-0.004312749576846908
6.32	0.01346903706724778
6.33	0.030976439490910695
6.34	0.047974484434031434
6.35	0.06424566915321302
6.36	0.07959363758269178
6.37	0.09384579806270409
6.38	0.10685489869655855
6.39	0.11849964640116128
6.4	0.12868450733644635
6.41	0.13733885718599584
6.42	0.1444156603938686
6.43	0.14988985112061864
6.44	0.15375657006033613
6.45	0.15602938544855974
6.46	0.1567385980517676
6.47	0.1559297017749621
6.48	0.15366204521901228
6.49	0.15000771503292543
6.5	0.14505063825652378
6.51	0.1388858768734747
6.5200000000000005	0.1316190629601769
6.53	0.12336589784331868
6.54	0.11425161582470654
6.55	0.10441029592429528
6.5600000000000005	0.09398389812915742
6.57	0.08312090804446014
6.58	0.07197449858878611
6.59	0.06070016015893133
6.6	0.049452809245603455
6.61	0.03838345439635643
6.62	0.027635569538928907
6.63	0.017341388091634925
6.640000000000001	0.007618376799165747
6.65	-0.0014338329707838454
6.66	-0.009735792455906578
6.670000000000001	-0.01722964500588616
6.680000000000001	-0.023879460029011992
6.69	-0.029670454365740076
6.7	-0.034607175186692526
6.710000000000001	-0.03871082548825362
6.720000000000001	-0.04201600147137957
6.73	-0.04456716793369542
6.74	-0.046415214713991376
6.750000000000001	-0.04761441113312566
6.760000000000001	-0.048220009346140014
6.7700000000000005	-0.048286650461620936
6.78	-0.04786761269373585
6.790000000000001	-0.04701482479227399
6.800000000000001	-0.045779466811234154
6.8100000000000005	-0.044212907859573686
6.82	-0.04236769627972252
6.830000000000001	-0.04029832525447376
6.840000000000001	-0.038061543284129154
6.8500000000000005	-0.0357160556003554
6.86	-0.03332155637454304
6.870000000000001	-0.030937127437262485
6.880000000000001	-0.02861912253220661
6.890000000000001	-0.026418715196050824
6.9	-0.024379316350119806
6.91	-0.022534063668417315
6.920000000000001	-0.02090355367683283
6.930000000000001	-0.01949393904170363
6.94	-0.018295460118633144
6.95	-0.017281434330622486
6.96	-0.016407699789135616
6.97	-0.015612506708121338
6.98	-0.014816871642552631
6.99	-0.013925449291034502
7.	-0.0128280231716517
7.01	-0.011401755297026268
7.0200000000000005	-0.009514350937265924
7.03	-0.007028275130861303
7.04	-0.00380609561273036
7.05	0.00028307749780696195
7.0600000000000005	0.005356223095416413
7.07	0.011508435311221078
7.08	0.01880482000168535
7.09	0.027272859958048425
7.1000000000000005	0.03689591829749197
7.11	0.04760855029605216
7.12	0.05929421479899592
7.13	0.0717858183279218
7.140000000000001	0.08486930058692425
7.15	0.0982902021731034
7.16	0.11176287456820569
7.17	0.12498173328349399
7.180000000000001	0.13763375062464117
7.19	0.14941126230488616
7.2	0.1600241393772638
7.21	0.16921045814723554
7.220000000000001	0.17674497650592413
7.23	0.1824449733336989
7.24	0.18617329625189596
7.25	0.18783875461369234
7.26	0.18739425166990326
7.27	0.18483324000677936
7.279999999999999	0.18018518517914664
7.29	0.17351072453353045
7.3	0.1648971163772151
7.31	0.15445440710705663
7.319999999999999	0.1423125293336439
7.33	0.12861931709765384
7.34	0.11353922034260401
7.35	0.09725235058262438
7.359999999999999	0.0799534146515691
7.37	0.06185010269172108
7.38	0.04316058584669525
7.39	0.02410993171604512
7.3999999999999995	0.004925435212122055
7.41	-0.014168942453718733
7.42	-0.032958664925106046
7.43	-0.0512447640159604
7.4399999999999995	-0.0688495113408996
7.45	-0.08562112490155838
7.46	-0.10143711774639572
7.47	-0.11620604891174766
7.4799999999999995	-0.12986761724956167
7.49	-0.14239121754624304
7.5	-0.15377322787054204
7.51	-0.16403339549076398
7.52	-0.17321072343401225
7.529999999999999	-0.18135922953629782
7.54	-0.1885438646225115
7.55	-0.19483675559201277
7.56	-0.20031380788233544
7.57	-0.20505158665825188
7.58	-0.2091243204293436
7.59	-0.21260085045414662
7.6000000000000005	-0.2155413896649483
7.61	-0.21799404982204626
7.62	-0.21999122833657875
7.63	-0.22154609180985346
7.640000000000001	-0.22264952303447855
7.65	-0.22326798417688531
7.66	-0.22334276913066714
7.67	-0.22279106045796584
7.680000000000001	-0.22150907111197374
7.69	-0.21937735130201388
7.7	-0.21626810076207498
7.71	-0.21205407851775362
7.720000000000001	-0.20661848130607732
7.73	-0.1998650010864018
7.74	-0.19172719715732353
7.75	-0.18217634332889107
7.760000000000001	-0.17122703559016283
7.7700000000000005	-0.15894005682409656
7.78	-0.14542226617168552
7.79	-0.1308235769499579
7.800000000000001	-0.11533137043393599
7.8100000000000005	-0.09916292725139243
7.82	-0.08255661482837715
7.83	-0.06576263083455054
7.84	-0.04903406516092364
7.8500000000000005	-0.03261891679047999
7.86	-0.016753509242991647
7.87	-0.0016575197979374137
7.88	0.01246939220980311
7.89	0.025449571275978102
7.8999999999999995	0.03712831986350383
7.91	0.0473742417037733
7.92	0.05607938400948933
7.93	0.06315950741501081
7.9399999999999995	0.06855468049923807
7.95	0.07223023858377567
7.96	0.07417799266866013
7.97	0.07441745043492065
7.9799999999999995	0.0729967376014333
7.99	0.06999289571770381
8.	0.06551128211182601
8.01	0.059683899161954004
8.02	0.052666614839637846
8.03	0.044635380969223704
8.04	0.03578168517799738
8.05	0.026307565469341175
8.06	0.01642055773127688
8.07	0.006328930255742483
8.08	-0.003762510759912228
8.09	-0.013655871993131948
8.1	-0.023162840243802982
8.11	-0.03210665812513411
8.12	-0.04032360847144601
8.129999999999999	-0.04766427433250779
8.14	-0.05399485520397808
8.15	-0.059198778835864704
8.16	-0.06317875841135673
8.17	-0.0658593218584887
8.18	-0.0671897037682967
8.19	-0.06714686323157837
8.2	-0.06573829384615504
8.209999999999999	-0.06300424145360357
8.219999999999999	-0.05901894991152918
8.229999999999999	-0.05389061596333457
8.24	-0.04775984314224759
8.25	-0.0407965266494623
8.26	-0.03319525660202953
8.27	-0.025169474664996284
8.28	-0.016944739182671666
8.29	-0.008751531299088924
8.299999999999999	-0.0008180605605828499
8.309999999999999	0.006636497963223867
8.32	0.013407975633616233
8.33	0.019312138307414777
8.34	0.02418844151707833
8.35	0.027902607695684863
8.36	0.030348128063319754
8.37	0.03144687072214135
8.379999999999999	0.031149019405445448
8.389999999999999	0.029432572801228386
8.4	0.02630260659610259
8.41	0.021790447924431078
8.42	0.015952845948790054
8.43	0.00887115462781542
8.44	0.000650484810154308
8.45	-0.00858125973834503
8.459999999999999	-0.018674569972578308
8.469999999999999	-0.029459852231284105
8.479999999999999	-0.04074937574692138
8.49	-0.05233971330325523
8.5	-0.0640147079755693
8.51	-0.0755489652880918
8.52	-0.08671184030965079
8.53	-0.09727186501971617
8.54	-0.10700154233251749
8.55	-0.11568241736873353
8.56	-0.12311032098691754
8.57	-0.1291006625554876
8.58	-0.13349362704687823
8.59	-0.1361591063360144
8.6	-0.13700116889279582
8.61	-0.13596185064726274
8.62	-0.1330240386446819
8.63	-0.12821322422812437
8.64	-0.12159792870251883
8.65	-0.11328865416770248
8.66	-0.10343528464362561
8.67	-0.09222295337995008
8.68	-0.07986649370782381
8.69	-0.06660369292759506
8.7	-0.05268766045537462
8.71	-0.038378692229910145
8.72	-0.023936054768132944
8.73	-0.00961011919604983
8.74	0.004364752823310558
8.75	0.017776229695109544
8.76	0.030438680608826513
8.77	0.042196340103385487
8.78	0.05292491448231605
8.79	0.06253167604255211
8.8	0.07095417432352914
8.81	0.07815775673372086
8.82	0.08413213212114146
8.83	0.08888723161303431
8.84	0.09244862540747818
8.85	0.09485274754244613
8.860000000000001	0.09614216832630892
8.870000000000001	0.09636114006859087
8.88	0.0955516277181013
8.89	0.09375002111036859
8.9	0.09098470656629687
8.91	0.08727464801541901
8.92	0.08262908706204264
8.93	0.07704841437432608
8.940000000000001	0.0705261911840751
8.950000000000001	0.06305221296559971
8.96	0.054616414813837486
8.97	0.04521333019873326
8.98	0.034846744003690255
8.99	0.023534139296754505
9.	0.011310535018995413
9.01	-0.0017686458347991735
9.020000000000001	-0.015625951423785027
9.030000000000001	-0.03016166997333366
9.040000000000001	-0.04525499549357203
9.05	-0.060766440670201774
9.06	-0.07654120951984082
9.07	-0.09241313943631443
9.08	-0.10820877018032347
9.09	-0.12375110575089276
9.1	-0.13886270507192308
9.110000000000001	-0.1533678610628928
9.120000000000001	-0.16709378855091495
9.13	-0.17987091686548687
9.14	-0.19153254686628005
9.15	-0.20191425921621006
9.16	-0.21085353004348276
9.170000000000002	-0.21819000871872135
9.180000000000001	-0.22376683744519427
9.190000000000001	-0.22743325183717777
9.200000000000001	-0.22904851389881056
9.21	-0.22848701978595798
9.22	-0.22564422444836302
9.23	-0.22044286336148627
9.24	-0.21283885290514393
9.250000000000002	-0.20282623172861308
9.260000000000002	-0.19044057063735725
9.270000000000001	-0.17576042097898187
9.280000000000001	-0.15890657279714784
9.290000000000001	-0.14003912715999794
9.3	-0.11935262040335924
9.31	-0.09706963994524294
9.32	-0.07343351493658386
9.330000000000002	-0.048700732112154574
9.340000000000002	-0.02313371090440816
9.350000000000001	0.003005522525688333
9.360000000000001	0.029460378735371825
9.370000000000001	0.05598327508734895
9.38	0.08233774175179082
9.39	0.10829925114917585
9.4	0.13365509024529285
9.41	0.15820366451310117
9.420000000000002	0.181753623859118
9.43	0.2041231401358897
9.44	0.22513955868296076
9.45	0.24463951530245512
9.459999999999999	0.26246948081212795
9.469999999999999	0.2784865919900308
9.48	0.29255956888360196
9.49	0.30456951388675596
9.5	0.3144104370700906
9.51	0.3219894441053309
9.52	0.3272266385479933
9.53	0.3300549050678646
9.54	0.3304198296057051
9.549999999999999	0.3282800553231784
9.56	0.3236083562080732
9.57	0.3163936302244794
9.58	0.3066438791522047
9.59	0.29439007125118705
9.6	0.27969060170907206
9.61	0.26263590407044973
9.62	0.24335265177621726
9.629999999999999	0.22200694478735222
9.64	0.19880591431933395
9.65	0.17399729895715957
9.66	0.14786673508672218
9.67	0.12073273974427404
9.68	0.09293961299944772
9.69	0.06484871519561466
9.7	0.03682874942436103
9.709999999999999	0.009245776485758002
9.719999999999999	-0.01754630545220538
9.73	-0.043214171451416414
9.74	-0.06745189146912126
9.75	-0.08998590331790102
9.76	-0.11057811715137283
9.77	-0.12902735653857828
9.78	-0.1451695178162512
9.790000000000001	-0.15887693262501587
9.8	-0.17005743484681962
9.81	-0.17865356282610811
9.82	-0.18464218468716181
9.83	-0.1880346440741125
9.84	-0.1888773184364275
9.85	-0.18725229696694534
9.86	-0.18327775206808633
9.870000000000001	-0.17710752008673258
9.88	-0.16892943537364552
9.89	-0.1589620741034288
9.9	-0.1474497449808111
9.91	-0.13465578629880404
9.92	-0.12085445940321303
9.93	-0.10632193251344904
9.94	-0.09132699498403271
9.950000000000001	-0.07612220806243844
9.96	-0.060936173672571856
9.97	-0.045967490977004026
9.98	-0.031380787657208836
9.99	-0.017304985561668262
10.	-0.0038337213258736458
10.01	0.008972374444113244
10.02	0.021082001130969346
10.03	0.032488669376109974
10.040000000000001	0.04320590393047362
10.05	0.053262663349035136
10.06	0.06269933885358973
10.07	0.07156452223580943
10.08	0.07991255028854474
10.09	0.08780167090010475
10.100000000000001	0.09529255923926144
10.110000000000001	0.10244685874645428
10.120000000000001	0.10932543749632928
10.13	0.11598613094968474
10.14	0.12248087178623307
10.15	0.12885226331882976
10.16	0.13512980802168914
10.17	0.141326130596448
10.180000000000001	0.14743361411452047
10.190000000000001	0.15342188452354577
10.200000000000001	0.15923652960859555
10.21	0.16479933011342704
10.22	0.17001012894573642
10.23	0.17475029134993209
10.24	0.17888753951835049
10.25	0.18228180303887945
10.260000000000002	0.18479163078283284
10.270000000000001	0.18628067175478918
10.280000000000001	0.18662375452895186
10.290000000000001	0.18571217071091287
10.3	0.18345788338227348
10.31	0.17979651771711727
10.32	0.17468912714883222
10.33	0.16812284544535322
10.34	0.16011061817131844
10.350000000000001	0.15069024819717705
10.36	0.13992298851725338
10.37	0.12789187805607596
10.379999999999999	0.11469995424844397
10.389999999999999	0.10046840492549794
10.399999999999999	0.0853346566569459
10.41	0.06945034998583953
10.42	0.05297913215843144
10.43	0.03609420736861231
10.44	0.01897561957904683
10.45	0.0018072949415800857
10.459999999999999	-0.015226072258579249
10.469999999999999	-0.03194215726869763
10.479999999999999	-0.04816400365592071
10.49	-0.06372271810105311
10.5	-0.07845972299623868
10.51	-0.09222848199810016
10.52	-0.10489568523874224
10.53	-0.11634195867148872
10.54	-0.1264622323896759
10.549999999999999	-0.1351659527756925
10.559999999999999	-0.14237734304613325
10.57	-0.1480359009176737
10.58	-0.15209727120135677
10.59	-0.1545345513694807
10.6	-0.1553399906215879
10.61	-0.15452694197885336
10.62	-0.1521318377353594
10.629999999999999	-0.14821589513379926
10.639999999999999	-0.14286623191629305
10.649999999999999	-0.13619608593086746
10.66	-0.12834388897318189
10.67	-0.11947103655245804
10.68	-0.10975831158574165
10.69	-0.09940104729621015
10.7	-0.08860323781732206
10.709999999999999	-0.07757091009773
10.72	-0.06650514630913033
10.73	-0.055595184783406054
10.74	-0.04501202695216782
10.75	-0.03490293987948323
10.76	-0.025387174747667864
10.77	-0.016553129817928114
10.78	-0.008457082027771429
10.79	-0.001123504540538403
10.8	0.005453112947564481
10.81	0.011305111665877617
10.82	0.01648741910711323
10.83	0.02107250183279407
10.84	0.025144834062086424
10.85	0.02879520888712872
10.86	0.03211520846287649
10.87	0.035192121438132024
10.88	0.03810455181399604
10.89	0.04091890523161025
10.9	0.04368686895856244
10.91	0.04644392418923196
10.92	0.0492088486981251
10.93	0.051984090792490174
10.94	0.05475682937606216
10.95	0.05750048755944936
10.959999999999999	0.060176445682636234
10.97	0.06273570888889025
10.98	0.06512032632207895
10.99	0.06726443128438103
11.	0.0690948674290376
11.01	0.07053147417453194
11.02	0.07148721071265512
11.030000000000001	0.07186838644434276
11.040000000000001	0.07157532129027808
11.05	0.07050376997005675
11.06	0.06854740304654673
11.07	0.06560154401903355
11.08	0.06156822315335111
11.09	0.05636243923813776
11.1	0.049919339837345415
11.110000000000001	0.04220186186796697
11.120000000000001	0.03320824065220906
11.13	0.022978717092854983
11.14	0.011600763360668745
11.15	-0.0007877867950832618
11.16	-0.013998180035977983
11.17	-0.027793039496610814
11.18	-0.04189156422801882
11.190000000000001	-0.0559774375625603
11.200000000000001	-0.06970902255810729
11.21	-0.08273123729622027
11.22	-0.09468837948440809
11.23	-0.1052371203641526
11.24	-0.11405891445612877
11.25	-0.12087116652650774
11.26	-0.12543664431558238
11.27	-0.12757080325609746
11.280000000000001	-0.12714687349127138
11.290000000000001	-0.124098727139542
11.3	-0.11842167671684391
11.31	-0.11017144276796327
11.32	-0.09946156724374738
11.33	-0.0864595443045964
11.340000000000002	-0.07138190398158849
11.350000000000001	-0.05448843250113679
11.360000000000001	-0.036075662988376556
11.370000000000001	-0.01646973630912621
11.38	0.0039812764183395355
11.39	0.024915477738382374
11.4	0.045965517605638356
11.41	0.06676702188142516
11.420000000000002	0.08696680287391287
11.430000000000001	0.10623053836190749
11.440000000000001	0.12424959538227552
11.450000000000001	0.14074670463420555
11.46	0.15548026270404142
11.47	0.16824714661320503
11.48	0.178884055277147
11.49	0.18726752675042763
11.500000000000002	0.19331289761871778
11.510000000000002	0.19697255175349915
11.520000000000001	0.19823383481256185
11.530000000000001	0.19711698101688352
11.540000000000001	0.19367331203877514
11.55	0.18798383622032264
11.56	0.18015822006515192
11.57	0.1703339486988133
11.58	0.1586753649127261
11.590000000000002	0.1453722016489354
11.6	0.13063721733981687
11.61	0.11470261400906841
11.62	0.09781505903546762
11.629999999999999	0.08022932569173741
11.639999999999999	0.06220078797528553
11.65	0.04397721886039809
11.66	0.02579051387368747
11.67	0.007849063977259586
11.68	-0.009668487680430209
11.69	-0.02661745969945646
11.7	-0.04288885416768927
11.709999999999999	-0.05840837904873672
11.719999999999999	-0.07313286113311834
11.73	-0.08704443887663549
11.74	-0.10014318554005858
11.75	-0.11243899940824688
11.76	-0.12394368273264085
11.77	-0.1346641013161472
11.78	-0.14459717500486846
11.79	-0.15372721395318198
11.799999999999999	-0.16202581759614243
11.81	-0.169454232592326
11.82	-0.17596776529300906
11.83	-0.18152160305000503
11.84	-0.18607724759299343
11.85	-0.18960872041426674
11.86	-0.19210776684119435
11.87	-0.1935874491073394
11.879999999999999	-0.19408375296107927
11.889999999999999	-0.1936551018952803
11.9	-0.19237993907234957
11.91	-0.1903527628012704
11.92	-0.18767915788782114
11.93	-0.18447043480025088
11.94	-0.1808384675937017
11.95	-0.17689121988194229
11.96	-0.17272928741800692
11.97	-0.16844359539149642
11.98	-0.16411420053847905
11.99	-0.1598099923674185
12.	-0.1555889869676425
12.01	-0.15149887331877174
12.02	-0.14757750613226922
12.03	-0.14385312987891755
12.040000000000001	-0.14034424544214863
12.05	-0.13705916801400436
12.06	-0.13399544579318282
12.07	-0.13113939086538412
12.08	-0.12846600104555345
12.09	-0.1259395192130478
12.1	-0.123514790349861
12.11	-0.1211394513581043
12.120000000000001	-0.1187568469844669
12.13	-0.11630943206168236
12.14	-0.1137423197128622
12.15	-0.1110065856452567
12.16	-0.10806195008332951
12.17	-0.1048785308637635
12.18	-0.10143748309949498
12.19	-0.09773049349790862
12.2	-0.09375825647656515
12.21	-0.08952819901578314
12.22	-0.08505181912001936
12.23	-0.0803420430356313
12.24	-0.0754109826428127
12.25	-0.07026839087852224
12.26	-0.06492098368789484
12.270000000000001	-0.05937264344572299
12.280000000000001	-0.05362536666122533
12.290000000000001	-0.04768069351088662
12.3	-0.04154127937940566
12.31	-0.03521225229341448
12.32	-0.02870204798476211
12.33	-0.02202251873917524
12.34	-0.015188256101334528
12.350000000000001	-0.008215227072009765
12.360000000000001	-0.0011189718531263437
12.370000000000001	0.006087276952038589
12.38	0.013394138427843781
12.39	0.0207968878181782
12.4	0.02829519910479146
12.41	0.035891642106852015
12.42	0.04358892775997023
12.430000000000001	0.05138608519846144
12.440000000000001	0.059273928751898824
12.450000000000001	0.06723030571233089
12.46	0.07521568639295015
12.47	0.08316965522389565
12.48	0.0910087847003418
12.49	0.09862623287315479
12.5	0.1058932188235022
12.51	0.11266232445943619
12.520000000000001	0.11877237271670316
12.530000000000001	0.12405446791732919
12.540000000000001	0.12833867439206897
12.55	0.13146076710663562
12.56	0.13326851585657684
12.57	0.13362705575390665
12.580000000000002	0.132423035949393
12.590000000000002	0.12956740465786326
12.600000000000001	0.1249968578010431
12.610000000000001	0.11867412805749311
12.620000000000001	0.11058740199871045
12.63	0.10074921300532391
12.64	0.08919516238757144
12.65	0.07598277418302396
12.660000000000002	0.06119070104565734
12.670000000000002	0.04491838503282436
12.680000000000001	0.02728615591172118
12.690000000000001	0.008435638496439373
12.700000000000001	-0.011469745645969328
12.71	-0.03224444779530057
12.72	-0.05368090994189008
12.73	-0.07555038058849357
12.740000000000002	-0.09760461844866407
12.750000000000002	-0.11957859154842784
12.760000000000002	-0.1411941855501076
12.770000000000001	-0.16216484169344553
12.780000000000001	-0.18220096156421156
12.790000000000001	-0.20101585032582275
12.8	-0.21833192638323995
12.81	-0.23388690499406067
12.82	-0.24743966496010975
12.830000000000002	-0.2587755284525496
12.84	-0.26771072071505886
12.85	-0.27409582528596954
12.86	-0.27781810831934933
12.87	-0.2788026499009943
12.879999999999999	-0.2770122885610804
12.89	-0.2724464549544645
12.9	-0.26513903878430334
12.91	-0.25515549543674587
12.92	-0.24258945045550295
12.93	-0.22755909525510062
12.94	-0.21020368072068465
12.95	-0.1906804019323889
12.959999999999999	-0.16916192458557824
12.97	-0.14583473215381598
12.98	-0.12089837647746844
12.99	-0.09456560102936146
13.	-0.06706318665653681
13.01	-0.038633257374333776
13.02	-0.009534692684300041
13.03	0.019955764431023537
13.04	0.049543128624912135
13.05	0.07891491284024374
13.06	0.1077432970123037
13.07	0.13568891057330376
13.08	0.16240626298734154
13.09	0.18755069234541533
13.1	0.21078654328024604
13.11	0.23179614990865635
13.12	0.25028910231281654
13.129999999999999	0.26601122673672467
13.14	0.27875271474784985
13.15	0.2883548932090976
13.16	0.2947152271534352
13.17	0.2977902789868304
13.18	0.2975964945217686
13.19	0.2942088332640248
13.200000000000001	0.2877573928638791
13.21	0.2784222848253128
13.22	0.26642709409003396
13.23	0.2520312974522921
13.24	0.23552202771246714
13.25	0.21720555798350347
13.26	0.19739885111916017
13.27	0.17642148020347664
13.280000000000001	0.15458818322683968
13.290000000000001	0.13220227178252442
13.3	0.10955007042157346
13.31	0.08689651850370138
13.32	0.0644820170612134
13.33	0.04252054662045279
13.34	0.021199016984545765
13.35	0.0006777383031583012
13.360000000000001	-0.018908170748421965
13.370000000000001	-0.03744668921643286
13.38	-0.05484641728199345
13.39	-0.07103404427629928
13.4	-0.08595207828473228
13.41	-0.09955710391288874
13.42	-0.11181874508425886
13.43	-0.12271938783607875
13.44	-0.1322545773547976
13.450000000000001	-0.1404338623479261
13.46	-0.1472817394078765
13.47	-0.1528382710691577
13.48	-0.15715893087152236
13.49	-0.16031327715316906
13.5	-0.16238217553466514
13.510000000000002	-0.163453468793809
13.520000000000001	-0.1636162127858512
13.530000000000001	-0.1629538309416511
13.540000000000001	-0.1615367557444755
13.55	-0.15941529119219308
13.56	-0.1566135177199611
13.57	-0.15312505124486842
13.58	-0.14891135382295778
13.590000000000002	-0.143903081630585
13.600000000000001	-0.13800466699593752
13.610000000000001	-0.1311019969069595
13.620000000000001	-0.12307271028200198
13.63	-0.11379833222117211
13.64	-0.10317723414707283
13.65	-0.09113728429758652
13.66	-0.07764705070756267
13.670000000000002	-0.06272454048713308
13.680000000000001	-0.046442690971361666
13.690000000000001	-0.028931142311063994
13.700000000000001	-0.010374179235930175
13.71	0.008994911015654986
13.72	0.028902499451050362
13.73	0.0490454882598505
13.74	0.06910344940079793
13.75	0.08875105397824135
13.760000000000002	0.10766989625939556
13.77	0.12555898352636746
13.78	0.1421433899923537
13.79	0.15718082489942095
13.799999999999999	0.17046610623007824
13.809999999999999	0.18183373135420525
13.82	0.1911588723715749
13.83	0.1983571863976235
13.84	0.2033838214007766
13.85	0.20623192941230914
13.86	0.20693089224855138
13.87	0.20554434577063294
13.879999999999999	0.2021679822662288
13.889999999999999	0.1969270372415205
13.9	0.18997333928350246
13.91	0.18148182246392983
13.92	0.17164646298731567
13.93	0.16067569031947376
13.94	0.1487874177583228
13.95	0.13620391715260016
13.959999999999999	0.12314680908711736
13.969999999999999	0.10983244169439854
13.98	0.09646788548204717
13.99	0.08324768482041425
14.	0.07035139406552014
14.01	0.057941808525708405
14.02	0.046163700477995034
14.03	0.035142808868864756
14.04	0.024984822720719252
14.049999999999999	0.015774148012758227
14.059999999999999	0.007572350735803368
14.07	0.00041630952944068933
14.08	-0.005683733666037319
14.09	-0.010745895037452477
14.1	-0.014817712269948477
14.11	-0.01797608350193105
14.12	-0.020325656994117404
14.13	-0.021995367675257768
14.14	-0.023133006272273493
14.15	-0.023897941961937987
14.16	-0.024452368771690325
14.17	-0.02495167341309846
14.18	-0.025534693045456032
14.19	-0.02631471730650984
14.2	-0.027372072508650924
14.21	-0.028749003913391774
14.22	-0.030447356178631986
14.23	-0.032429267827443764
14.24	-0.03462077863225473
14.25	-0.03691794020263549
14.26	-0.039194760354864466
14.27	-0.041312135229778474
14.28	-0.04312685251894569
14.290000000000001	-0.04449979285404161
14.3	-0.04530260692635479
14.31	-0.045422381102885816
14.32	-0.04476409070120323
14.33	-0.04325093773333288
14.34	-0.04082293823998303
14.35	-0.037434327885924726
14.36	-0.033050467974172326
14.37	-0.02764494565129708
14.38	-0.021197474814849925
14.39	-0.013693034993793027
14.4	-0.0051224621307782575
14.41	0.004515537849722667
14.42	0.015211208902598888
14.43	0.026939833885955694
14.440000000000001	0.0396576372689906
14.450000000000001	0.05329807245220064
14.46	0.06776900966601285
14.47	0.0829512169634892
14.48	0.09869835707666834
14.49	0.11483853452288911
14.5	0.13117724896058536
14.51	0.1475014675981215
14.520000000000001	0.16358443955264235
14.530000000000001	0.17919084708361013
14.540000000000001	0.1940819210130415
14.55	0.20802022948445353
14.56	0.220773962572687
14.57	0.2321206584798955
14.58	0.2418504284699483
14.59	0.24976881914115806
14.600000000000001	0.25569949021435745
14.610000000000001	0.25948687967468353
14.620000000000001	0.2609989798826099
14.63	0.2601302691531686
14.64	0.25680474903232264
14.65	0.2509789456774902
14.66	0.24264466079246677
14.67	0.2318312160095259
14.68	0.218606931201963
14.690000000000001	0.2030796120786609
14.700000000000001	0.1853958894058858
14.71	0.16573934027429227
14.72	0.14432741719345313
14.73	0.12140729943764739
14.74	0.09725085115523191
14.750000000000002	0.07214891454498452
14.760000000000002	0.04640518130178591
14.770000000000001	0.020329874183894467
14.780000000000001	-0.005766560042311403
14.790000000000001	-0.031579585140777126
14.8	-0.05681641554798638
14.81	-0.08120146973121507
14.82	-0.10448135841403788
14.830000000000002	-0.1264293265388752
14.840000000000002	-0.14684905141494334
14.850000000000001	-0.16557767649961644
14.860000000000001	-0.182487940193772
14.870000000000001	-0.19748925193538114
14.88	-0.21052758223657173
14.89	-0.2215840742306442
14.9	-0.23067235221651347
14.910000000000002	-0.2378345929219874
14.920000000000002	-0.24313652836721955
14.930000000000001	-0.24666165247688882
14.940000000000001	-0.24850499262283213
14.950000000000001	-0.24876686844314863
14.96	-0.24754708285023092
14.97	-0.24493996807906004
14.98	-0.24103064271467
14.99	-0.23589272968750852
15.000000000000002	-0.22958765140340665