0.	0.
0.01	-4.793588795291919e-7
0.02	-7.639060143478291e-6
0.03	-0.0000384154050616642
0.04	-0.00012028315788836742
0.05	-0.00029015970553934387
0.06	-0.0005929346530663317
0.07	-0.0010796846332122058
0.08	-0.0018056447710300873
0.09	-0.0028280163270433117
0.1	-0.004203694242236267
0.11	-0.005986998562247464
0.12	-0.008227490200749074
0.13	-0.010967944605819985
0.14	-0.014242547195141002
0.15	-0.01807536264070403
0.16	-0.02247911700798872
0.17	-0.027454318206665804
0.18	-0.03298872696982727
0.19	-0.03905717833319252
0.2	-0.045621742881944545
0.21	-0.052632208245822196
0.22	-0.06002685463817857
0.23	-0.0677334936468868
0.24	-0.07567073681487149
0.25	-0.0837494594729177
0.26	-0.09187442538407375
0.27	-0.0999460385548048
0.28	-0.10786218959508263
0.29	-0.11552016485657146
0.3	-0.12281858693563522
0.31	-0.12965935482232155
0.32	-0.13594955098883285
0.33	-0.14160328117940357
0.34	-0.14654341086885375
0.35	-0.15070316069234363
0.36	-0.15402752207619275
0.37	-0.15647445429808582
0.38	-0.1580158257150607
0.39	-0.15863806526714985
0.4	-0.15834249580207366
0.41000000000000003	-0.15714532830689737
0.42000000000000004	-0.15507730561860114
0.43	-0.15218299526675827
0.44	-0.14851974325313558
0.45	-0.14415631313130806
0.46	-0.1391712469621112
0.47	-0.13365099580816986
0.48	-0.12768787665038817
0.49	-0.1213779193209891
0.5	-0.1148186707702705
0.51	-0.10810702444042197
0.52	-0.10133713966422021
0.53	-0.09459851003370222
0.54	-0.0879742310163901
0.55	-0.08153950635205269
0.56	-0.07536042070468678
0.5700000000000001	-0.06949299351943615
0.5800000000000001	-0.0639825169023141
0.5900000000000001	-0.05886316940356256
0.6000000000000001	-0.05415788851978212
0.61	-0.04987847803131071
0.62	-0.046025922234715515
0.63	-0.04259087774944034
0.64	-0.03955431466618538
0.65	-0.03688828193822767
0.66	-0.03455677649539593
0.67	-0.03251670086578544
0.68	-0.030718899354903156
0.6900000000000001	-0.029109267312915205
0.7	-0.027629931070597587
0.71	-0.026220497256226955
0.72	-0.02481936914033093
0.73	-0.023365124354655202
0.74	-0.02179794300661085
0.75	-0.02006106830718278
0.76	-0.018102273995105982
0.77	-0.01587530486446736
0.78	-0.013341249453741197
0.79	-0.01046979829606719
0.8	-0.007240337844650934
0.81	-0.003642829896969198
0.8200000000000001	0.00032157055135681456
0.8300000000000001	0.004640199452829674
0.8400000000000001	0.009288900269372402
0.85	0.014232390419121721
0.86	0.019424979915930243
0.87	0.02481162805181944
0.88	0.030329307293558955
0.89	0.035908627798395376
0.9	0.041475662209770614
0.91	0.04695389966535815
0.92	0.0522662510341744
0.9299999999999999	0.057337024831816435
0.94	0.06209379527011458
0.95	0.0664690903786339
0.96	0.07040183866735401
0.97	0.07383852666955033
0.98	0.07673403596432317
0.99	0.07905214582266018
1.	0.08076570526965562
1.01	0.08185649494752904
1.02	0.08231481364601323
1.03	0.08213883587121437
1.04	0.08133379473198755
1.05	0.07991104840340163
1.06	0.07788708845314399
1.07	0.07528254465652046
1.08	0.07212123410785275
1.0899999999999999	0.06842929319695108
1.1	0.06423442023404115
1.1099999999999999	0.05956524511156962
1.1199999999999999	0.05445083130527811
1.13	0.048920305566720806
1.14	0.04300260251702211
1.15	0.036726305488154795
1.16	0.030119561616026684
1.17	0.02321004837769111
1.18	0.016024970271777697
1.19	0.008591067768414493
1.2	0.0009346254644360535
1.21	-0.0069185280496859985
1.22	-0.014943030416341693
1.23	-0.02311400243583757
1.24	-0.03140706409998109
1.25	-0.039798339338633706
1.26	-0.04826443789362779
1.27	-0.05678240321476202
1.28	-0.06532961731157187
1.29	-0.07388365683287446
1.3	-0.08242209890837432
1.31	-0.09092228002164005
1.32	-0.09936101591013478
1.33	-0.10771429473997592
1.34	-0.11595695917364539
1.35	-0.12406239512521608
1.36	-0.13200224578750186
1.37	-0.13974616886105737
1.3800000000000001	-0.14726165289484341
1.3900000000000001	-0.1545139054668463
1.4	-0.16146582189860453
1.4100000000000001	-0.1680780386922636
1.42	-0.1743090713218482
1.43	-0.1801155318182634
1.44	-0.18545241813573596
1.45	-0.19027346487540567
1.46	-0.19453154376448212
1.47	-0.19817910241906103
1.48	-0.2011686312965778
1.49	-0.20345315118339785
1.5	-0.20498671676626024
1.51	-0.20572493541732895
1.52	-0.2056255038431759
1.53	-0.2046487682555082
1.54	-0.20275831579112086
1.55	-0.19992160568393919
1.56	-0.19611064792153482
1.57	-0.19130273468266332
1.58	-0.18548122578288723
1.59	-0.1786363838395954
1.6	-0.17076624824165293
1.61	-0.161877529736071
1.62	-0.1519865000834055
1.6300000000000001	-0.14111984439706413
1.6400000000000001	-0.12931543808718882
1.6500000000000001	-0.11662300634930728
1.6600000000000001	-0.10310462235074801
1.6700000000000002	-0.08883500101573523
1.6800000000000002	-0.07390154876598228
1.6900000000000002	-0.05840413572032897
1.7000000000000002	-0.04245456548118823
1.7100000000000002	-0.026175728338248827
1.7200000000000002	-0.00970043594069283
1.73	0.006830051456181759
1.7400000000000002	0.0232677809340243
1.75	0.03946010938266281
1.76	0.055251904859141485
1.77	0.07048789031394052
1.78	0.0850150668953212
1.79	0.09868515072449038
1.8	0.11135695680633406
1.81	0.12289866653844306
1.82	0.13318992084361148
1.83	0.14212368884439106
1.84	0.14960787165351913
1.85	0.1555666116131607
1.86	0.1599412884843492
1.87	0.16269119498965318
1.8800000000000001	0.1637938941382232
1.8900000000000001	0.16324526941706946
1.9000000000000001	0.16105928586429485
1.9100000000000001	0.1572674850619738
1.92	0.15191824018149241
1.93	0.14507579852521044
1.94	0.13681913881562602
1.95	0.1272406691707615
1.96	0.11644478971742199
1.97	0.10454634159360943
1.98	0.09166896210875115
1.99	0.07794336442498073
2.	0.06350555954840657
2.01	0.04849503880122394
2.02	0.0330529362696332
2.03	0.01732019283857749
2.04	0.0014357460615498276
2.05	-0.014465227090409701
2.06	-0.030252985021131485
2.07	-0.045804782420706555
2.08	-0.06100628512424852
2.09	-0.07575280741956526
2.1	-0.08995034262110528
2.11	-0.10351636177185292
2.12	-0.11638036104484996
2.13	-0.12848414558010396
2.14	-0.13978184576329558
2.15	-0.15023967087297085
2.16	-0.15983541406299637
2.17	-0.1685577312478714
2.1799999999999997	-0.17640522407995718
2.19	-0.18338536337389577
2.2	-0.18951329367492298
2.21	-0.19481056195234892
2.2199999999999998	-0.1993038135525055
2.23	-0.20302349665485567
2.24	-0.2060026127815623
2.25	-0.2082755457846383
2.2600000000000002	-0.20987699563939094
2.27	-0.21084103682076114
2.2800000000000002	-0.21120031454339974
2.29	-0.21098538617159981
2.3000000000000003	-0.2102242100254226
2.31	-0.20894177987259743
2.3200000000000003	-0.20715990070464585
2.33	-0.20489709990035146
2.3400000000000003	-0.20216866738835756
2.35	-0.19898681862469986
2.3600000000000003	-0.19536097471147848
2.37	-0.19129815437798803
2.3800000000000003	-0.1868034724205223
2.39	-0.1818807382142125
2.4000000000000004	-0.17653314584237578
2.41	-0.17076404415312996
2.4200000000000004	-0.164577770728392
2.43	-0.15798052858177142
2.4400000000000004	-0.15098127878330878
2.45	-0.14359261665476172
2.4600000000000004	-0.13583159427715508
2.47	-0.12772044841225366
2.4800000000000004	-0.11928719113257293
2.49	-0.11056602095669162
2.5	-0.10159751542733579
2.5100000000000002	-0.09242857199131863
2.5200000000000005	-0.08311207267385068
2.5300000000000002	-0.07370625909692619
2.54	-0.06427381737610766
2.5500000000000003	-0.05488068666786397
2.56	-0.045594619821639704
2.57	-0.03648353883104679
2.58	-0.027613740676595222
2.59	-0.01904801986007984
2.6	-0.010843781713216503
2.61	-0.003051224854172422
2.62	0.004288328392167133
2.63	0.01114387832307581
2.64	0.017495903026465268
2.65	0.023337165349235814
2.66	0.028673128421281516
2.67	0.03352195247581985
2.68	0.03791406302471368
2.69	0.0418912981799203
2.7	0.045505660136976406
2.71	0.04881771168640771
2.72	0.051894672332846226
2.73	0.05480827956728522
2.74	0.0576324886229892
2.75	0.060441088414518965
2.7600000000000002	0.06330531227849874
2.77	0.0662915197612246
2.7800000000000002	0.06945902036000554
2.79	0.07285810228850259
2.8	0.07652831956873735
2.81	0.08049707967864643
2.8200000000000003	0.08477856224396584
2.83	0.08937298746917895
2.84	0.09426624170321676
2.85	0.09942985718697192
2.86	0.10482133397243334
2.87	0.11038478445285388
2.88	0.11605187498802214
2.8899999999999997	0.12174303471823099
2.9	0.1273688987023043
2.9099999999999997	0.1328319507772815
2.92	0.1380283307579884
2.9299999999999997	0.14284977048932573
2.94	0.14718562355775724
2.9499999999999997	0.1509249539205444
2.96	0.15395864913903914
2.9699999999999998	0.15618152419459122
2.98	0.15749438199218324
2.9899999999999998	0.1578059966663007
3.	0.15703498581637235
3.01	0.15511153799118482
3.02	0.15197896232471675
3.03	0.14759502842153455
3.04	0.141933066606042
3.05	0.13498280165406829
3.06	0.12675089722456115
3.07	0.11726119343357191
3.08	0.10655462630504743
3.09	0.09468882504749902
3.1	0.0817373910126383
3.11	0.06778887049129222
3.12	0.052945441841463575
3.13	0.03732134544269931
3.1399999999999997	0.021041092248455136
3.15	0.00423749290696037
3.16	-0.012950445764584574
3.17	-0.03037970697141537
3.1799999999999997	-0.04790548138341331
3.19	-0.06538336478763829
3.2	-0.0826714870373581
3.21	-0.09963252710985115
3.22	-0.11613557417366879
3.23	-0.13205780071230927
3.24	-0.1472859206069372
3.25	-0.16171741227822914
3.2600000000000002	-0.1752614941665171
3.27	-0.18783984666272674
3.2800000000000002	-0.1993870808166866
3.29	-0.209850959543714
3.3000000000000003	-0.2191923815060497
3.31	-0.22738514133204257
3.3200000000000003	-0.23441548240555937
3.33	-0.24028146023680286
3.3400000000000003	-0.24499213559666436
3.35	-0.24856661737744148
3.3600000000000003	-0.25103297576172356
3.37	-0.2524270469499602
3.3800000000000003	-0.25279115158830445
3.39	-0.25217275026075175
3.4000000000000004	-0.2506230609960969
3.41	-0.24819566563640538
3.4200000000000004	-0.24494513397920714
3.43	-0.24092569662153035
3.4400000000000004	-0.2361899991206343
3.45	-0.23078797112711152
3.46	-0.22476584421687437
3.47	-0.21816535095160228
3.4800000000000004	-0.2110231349921063
3.49	-0.2033703977251811
3.5	-0.19523280080333685
3.5100000000000002	-0.1866306363287754
3.52	-0.17757926736314444
3.53	-0.1680898313657223
3.54	-0.15817018851980752
3.55	-0.14782608624688287
3.56	-0.13706250112586832
3.57	-0.12588511052849993
3.58	-0.11430183911098131
3.59	-0.1023244203425725
3.6	-0.08996991085843187
3.61	-0.07726209580251803
3.62	-0.06423272651357678
3.63	-0.05092253776713898
3.64	-0.0373820000186652
3.65	-0.023671772253055706
3.66	-0.00986283257814221
3.67	0.003963724021708501
3.68	0.017717218983740728
3.69	0.03129824089459187
3.7	0.04459978929879615
3.71	0.05750867808827466
3.72	0.06990715774060399
3.73	0.08167471055976384
3.74	0.092689970130965
3.75	0.10283271534662033
3.76	0.11198589039026653
3.77	0.12003760468221022
3.7800000000000002	0.1268830706380748
3.79	0.13242644178472443
3.8	0.1365825189398518
3.81	0.1392782974486839
3.82	0.14045433359934006
3.83	0.14006591309528263
3.84	0.13808400871683688
3.8499999999999996	0.13449601799954103
3.86	0.1293062749101313
3.8699999999999997	0.12253633218143534
3.88	0.11422501328251326
3.8899999999999997	0.1044282350760837
3.9	0.09321860417633891
3.9099999999999997	0.08068479197663554
3.92	0.06693069534894704
3.9299999999999997	0.0520743921714468
3.94	0.0362469031250255
3.9499999999999997	0.01959077358630329
3.96	0.002258491876516694
3.9699999999999998	-0.0155892374758383
3.98	-0.03378534452430339
3.9899999999999998	-0.05215834574687235
4.	-0.07053437217023265
4.01	-0.08873924758878027
4.02	-0.10660058967523524
4.03	-0.12394990618318114
4.04	-0.1406246582628104
4.05	-0.156470263127706
4.06	-0.1713420088875293
4.07	-0.18510685525541803
4.08	-0.1976450950058557
4.09	-0.20885185245990273
4.1	-0.2186383968818588
4.109999999999999	-0.22693325047153226
4.12	-0.2336830726324151
4.13	-0.23885330440720123
4.14	-0.2424285594323407
4.1499999999999995	-0.24441275051476402
4.16	-0.24482894402385066
4.17	-0.24371893776259512
4.18	-0.24114256186577027
4.19	-0.2371767065816233
4.2	-0.2319140855127655
4.21	-0.22546174797389223
4.22	-0.2179393594842423
4.23	-0.20947727492706264
4.24	-0.20021443441473133
4.25	-0.19029611720034617
4.26	-0.17987159385029505
4.2700000000000005	-0.16909172109732798
4.28	-0.1581065270843784
4.29	-0.14706283685134863
4.3	-0.13610198870121215
4.3100000000000005	-0.12535769134169691
4.32	-0.11495406932455715
4.33	-0.10500394025611223
4.34	-0.09560736156884383
4.3500000000000005	-0.086850477448524
4.36	-0.07880468801140178
4.37	-0.071526153309779
4.38	-0.06505563456795901
4.390000000000001	-0.05941866462452151
4.4	-0.05462602932507033
4.41	-0.050674532027588974
4.42	-0.047548004890575285
4.43	-0.045218523613671374
4.44	-0.043647777129141405
4.45	-0.04278854065176594
4.46	-0.04258619963476327
4.47	-0.042980273584987426
4.4799999999999995	-0.043905892278750525
4.489999999999999	-0.04529518248850997
4.5	-0.047078530571268866
4.51	-0.049185694780231895
4.52	-0.051546750469932755
4.529999999999999	-0.05409286095691426
4.54	-0.056756876145215115
4.55	-0.05947376961977915
4.56	-0.06218093229342124
4.569999999999999	-0.06481834648626734
4.58	-0.06732866824610648
4.59	-0.06965724763217433
4.6	-0.07175211656371808
4.609999999999999	-0.0735639717922767
4.62	-0.07504617683268348
4.63	-0.07615480163039301
4.64	-0.07684871278378874
4.6499999999999995	-0.07708972076261272
4.66	-0.07684278426616235
4.67	-0.0760762661236976
4.68	-0.07476223037056898
4.6899999999999995	-0.07287676666193507
4.7	-0.07040032621770623
4.71	-0.06731805310030847
4.72	-0.06362009574356933
4.7299999999999995	-0.0593018860761232
4.74	-0.054364377000493624
4.75	-0.048814232996748565
4.76	-0.0426639727642896
4.77	-0.03593206663493741
4.78	-0.02864299455782278
4.79	-0.02082727241889351
4.8	-0.012521455073047597
4.8100000000000005	-0.0037681236267450152
4.82	0.0053841377459240974
4.83	0.014880773653620082
4.84	0.02466130059469023
4.8500000000000005	0.03465936878338481
4.86	0.04480285501919863
4.87	0.055014003257309624
4.88	0.06520963285361679
4.890000000000001	0.07530143633590303
4.9	0.08519638868571208
4.91	0.0947972883396527
4.92	0.1040034464311586
4.930000000000001	0.11271153535640041
4.94	0.12081660087525169
4.95	0.1282132340930707
4.96	0.13479689134314898
4.970000000000001	0.14046534178001766
4.98	0.14512021497173583
4.99	0.1486686144624816
5.	0.1510247585849724
5.010000000000001	0.1521116070238048
5.0200000000000005	0.15186243090015014
5.03	0.15022228543853478
5.04	0.14714934740689273
5.050000000000001	0.1426160841782761
5.0600000000000005	0.13661022703241324
5.07	0.12913552772538792
5.08	0.12021228391948724
5.09	0.10987762532832371
5.1	0.0981855580128259
5.109999999999999	0.08520676888515055
5.12	0.07102819599056481
5.13	0.055752372528441396
5.14	0.03949655395955576
5.1499999999999995	0.02239163815841086
5.16	0.004580888720744941
5.17	-0.013781528409743171
5.18	-0.032532184506491424
5.1899999999999995	-0.05150019239831449
5.2	-0.07050916236842814
5.21	-0.08937929358917818
5.22	-0.10792958120905237
5.2299999999999995	-0.12598011441340073
5.24	-0.14335443529249742
5.25	-0.1598819225320355
5.26	-0.17540015824615876
5.27	-0.18975723121144608
5.28	-0.20281392585646874
5.29	-0.2144457441078016
5.3	-0.2245447070089947
5.31	-0.23302088521739983
5.32	-0.2398036122042405
5.33	-0.24484234122790183
5.34	-0.2481071167355765
5.35	-0.24958864242071271
5.359999999999999	-0.24929794121486906
5.37	-0.2472656163918625
5.38	-0.2435407369928983
5.39	-0.23818938419081304
5.4	-0.23129290725784205
5.41	-0.22294594780713864
5.42	-0.21325429837604987
5.430000000000001	-0.20233266579117062
5.44	-0.19030241086422534
5.45	-0.17728933377316314
5.46	-0.1634215691453474
5.470000000000001	-0.1488276467290119
5.48	-0.13363476313268133
5.49	-0.1179672980761523
5.5	-0.10194559566332395
5.510000000000001	-0.0856850181239306
5.5200000000000005	-0.06929526702719321
5.53	-0.052879955826846556
5.54	-0.036536408321796734
5.550000000000001	-0.02035565062888442
5.5600000000000005	-0.004422559809606208
5.57	0.011183869566726123
5.58	0.02639017902464469
5.590000000000001	0.04112805524127862
5.6000000000000005	0.05533392527376567
5.61	0.06894856283207938
5.62	0.08191672395906732
5.630000000000001	0.09418682386544625
5.640000000000001	0.10571066049816447
5.65	0.11644318516212505
5.66	0.1263423165209769
5.67	0.13536879179316508
5.680000000000001	0.14348604800721443
5.69	0.150660126714124
5.7	0.1568595973699784
5.71	0.16205549738338426
5.72	0.16622129017705967
5.7299999999999995	0.16933284610404917
5.74	0.171368454247672
5.75	0.1723088756151003
5.76	0.172137449671817
5.77	0.17084026631902474
5.78	0.16840641416542035
5.79	0.16482831329117606
5.8	0.16010213677226065
5.81	0.15422832026730968
5.82	0.147212153299375
5.83	0.13906443988866066
5.84	0.12980221033912165
5.85	0.11944946067863882
5.86	0.10803789188908404
5.87	0.09560761796078497
5.88	0.08220781019435638
5.89	0.06789724517033059
5.9	0.052744725413724644
5.91	0.0368293448826503
5.92	0.02024057578799593
5.93	0.003078158605165804
5.94	-0.014548216887517937
5.95	-0.0325194454937147
5.96	-0.050707755266791776
5.97	-0.0689776651777431
5.98	-0.08718714105826084
5.99	-0.10518893501085697
6.	-0.12283209031065118
6.01	-0.1399635915247257
6.0200000000000005	-0.15643013800440886
6.03	-0.17208001784992139
6.04	-0.18676505864874518
6.050000000000001	-0.20034263048155643
6.0600000000000005	-0.21267767563324433
6.07	-0.22364473796261597
6.08	-0.23312996288632995
6.090000000000001	-0.24103303644478796
6.1000000000000005	-0.24726902908535986
6.11	-0.2517701068833413
6.12	-0.2544870702832373
6.130000000000001	-0.2553906785116366
6.140000000000001	-0.2544727170441564
6.15	-0.251746766340405
6.16	-0.2472486328618031
6.170000000000001	-0.24103640841177154
6.180000000000001	-0.23319013118655463
6.19	-0.22381103151753715
6.2	-0.21302035684913614
6.210000000000001	-0.2009577835698953
6.220000000000001	-0.18777943727427784
6.23	-0.17365555713103512
6.24	-0.15876785345233227
6.250000000000001	-0.14330661946980214
6.260000000000001	-0.1274676679614876
6.2700000000000005	-0.11144917009212221
6.28	-0.09544847716207228
6.290000000000001	-0.07965900566252383
6.300000000000001	-0.06426726210810155
6.3100000000000005	-0.04945007681558919
6.32	-0.0353721056065848
6.33	-0.022183646018216013
6.34	-0.010018800839693809
6.35	0.0010059924382916363
6.36	0.010793061455397157
6.37	0.019264235775343336
6.38	0.02636123880275329
6.39	0.03204576093961242
6.4	0.03629924523625014
6.41	0.03912241906772519
6.42	0.040534604979673525
6.43	0.04057284121299842
6.44	0.03929083812662647
6.45	0.03675779149928583
6.46	0.03305706826053019
6.47	0.02828477531349509
6.48	0.022548218410243966
6.49	0.015964256021416448
6.5	0.008657553107391233
6.51	0.00075874173170596
6.5200000000000005	-0.007597500583882085
6.53	-0.01627443833337326
6.54	-0.02513530833127329
6.55	-0.03404536290270792
6.5600000000000005	-0.042873889417780586
6.57	-0.05149616411481993
6.58	-0.059795294390733146
6.59	-0.06766390225678903
6.6	-0.07500560282820701
6.61	-0.08173623568825547
6.62	-0.08778481366688787
6.63	-0.09309416270083193
6.640000000000001	-0.09762123749507955
6.65	-0.10133711002010334
6.66	-0.10422664068108818
6.670000000000001	-0.10628785446289278
6.680000000000001	-0.10753105568418476
6.69	-0.1079777244650938
6.7	-0.10765924504331097
6.710000000000001	-0.10661552026590308
6.720000000000001	-0.10489352775390305
6.73	-0.10254587142307432
6.74	-0.09962937750290568
6.750000000000001	-0.09620377737232924
6.760000000000001	-0.09233051101940987
6.7700000000000005	-0.08807167542365563
6.78	-0.08348913237874558
6.790000000000001	-0.07864378091958019
6.800000000000001	-0.07359499120518818
6.8100000000000005	-0.06840018991834193
6.82	-0.06311458228560946
6.830000000000001	-0.05779099281880741
6.840000000000001	-0.05247980576179106
6.8500000000000005	-0.047228986749744815
6.86	-0.04208416896440406
6.870000000000001	-0.03708878961179171
6.880000000000001	-0.03228426532901595
6.890000000000001	-0.027710197626940724
6.9	-0.02340460124693079
6.91	-0.01940414902169161
6.920000000000001	-0.015744426303164513
6.930000000000001	-0.01246018625110338
6.94	-0.009585594438134786
6.95	-0.0071544476590462425
6.96	-0.005200348005005458
6.97	-0.003756809737152561
6.98	-0.002857273861281172
6.99	-0.0025350041335812576
7.	-0.0028228389970630444
7.01	-0.0037527770020297363
7.0200000000000005	-0.005355378761660742
7.03	-0.007658976386446317
7.04	-0.010688691360660738
7.05	-0.014465273490641514
7.0600000000000005	-0.019003786206216983
7.07	-0.024312176331075033
7.08	-0.0303897785705277
7.09	-0.037225815494130454
7.1000000000000005	-0.04479796186633141
7.11	-0.05307104706953544
7.12	-0.06199597051829435
7.13	-0.0715089020541376
7.140000000000001	-0.08153083226819902
7.15	-0.09196752672488698
7.16	-0.10270992361872977
7.17	-0.11363499719098415
7.180000000000001	-0.12460709016025054
7.19	-0.135479698515405
7.2	-0.14609767238343083
7.21	-0.1562997784170493
7.220000000000001	-0.1659215532688842
7.23	-0.1747983651053336
7.24	-0.18276859143663282
7.25	-0.18967681722413343
7.26	-0.19537695742356684
7.27	-0.1997352127051577
7.279999999999999	-0.20263277566148982
7.29	-0.2039682167407264
7.3	-0.20365949360586122
7.31	-0.20164554367435422
7.319999999999999	-0.19788743623259702
7.33	-0.1923690767577741
7.34	-0.18509747101254972
7.35	-0.17610256934971313
7.359999999999999	-0.16543672191679354
7.37	-0.15317378275910024
7.38	-0.13940790510289341
7.39	-0.12425207152092493
7.3999999999999995	-0.10783640161783486
7.41	-0.09030627687506149
7.42	-0.07182031803534773
7.43	-0.05254824560895815
7.4399999999999995	-0.032668649457578636
7.45	-0.012366689584898276
7.46	0.008168252273621529
7.47	0.02874495160864903
7.4799999999999995	0.04917273123268966
7.49	0.06926384076870667
7.5	0.088835800194106
7.51	0.10771367774182693
7.52	0.12573226794312148
7.529999999999999	0.14273813159265597
7.54	0.15859145658980234
7.55	0.17316769754870368
7.56	0.18635895322783871
7.57	0.19807504447794705
7.58	0.20824426160004417
7.59	0.21681375857148522
7.6000000000000005	0.22374958214771934
7.61	0.2290363358026461
7.62	0.2326764911129926
7.63	0.23468937172222123
7.640000000000001	0.23510984662644901
7.65	0.2339867794543879
7.66	0.2313812880339162
7.67	0.2273648733926613
7.680000000000001	0.22201747918485312
7.69	0.21542554135789488
7.7	0.20768008388396866
7.71	0.1988749100016372
7.720000000000001	0.18910493022131883
7.73	0.17846465903338554
7.74	0.16704690255013566
7.75	0.15494164991934267
7.760000000000001	0.14223517288942053
7.7700000000000005	0.1290093308659982
7.78	0.11534107348152317
7.79	0.10130212921034606
7.800000000000001	0.08695886680960044
7.8100000000000005	0.07237231608058073
7.82	0.05759833521152884
7.83	0.04268791327479413
7.84	0.02768759776767036
7.8500000000000005	0.012640037894599082
7.86	-0.0024153658374729964
7.87	-0.01744171648918308
7.88	-0.03240379349445583
7.89	-0.047267160831900794
7.8999999999999995	-0.06199723295586762
7.91	-0.07655832641512703
7.92	-0.09091273062578933
7.93	-0.1050198361619096
7.9399999999999995	-0.11883536252038647
7.95	-0.1323107289915209
7.96	-0.14539261152183958
7.97	-0.15802272495930564
7.9799999999999995	-0.17013786370159298
7.99	-0.18167022464085172
8.	-0.19254802476817634
8.01	-0.2026964124477553
8.02	-0.21203865695807225
8.03	-0.2204975863231143
8.04	-0.22799722967966485
8.05	-0.23446460839567548
8.06	-0.23983161072863762
8.07	-0.24403687869212282
8.08	-0.24702763346447754
8.09	-0.24876136734516724
8.1	-0.24920733587896304
8.11	-0.2483477929803683
8.12	-0.24617892409846667
8.129999999999999	-0.24271144685040985
8.14	-0.23797086415793695
8.15	-0.23199737070705007
8.16	-0.22484542848793837
8.17	-0.21658304031787498
8.18	-0.20729076082204256
8.19	-0.197060491783442
8.2	-0.18599411276739128
8.209999999999999	-0.17420199844967807
8.219999999999999	-0.1618014713711648
8.229999999999999	-0.14891523338774812
8.24	-0.13566981155995841
8.25	-0.12219404543708824
8.26	-0.10861763350095245
8.27	-0.0950697477886852
8.28	-0.08167771816721396
8.29	-0.06856578198463065
8.299999999999999	-0.05585389127769719
8.309999999999999	-0.043656568543113186
8.32	-0.032081803223348984
8.33	-0.021229984235092373
8.34	-0.011192868614477464
8.35	-0.002052592065896683
8.36	0.006119266797564887
8.37	0.01326255113314854
8.379999999999999	0.019329297512676057
8.389999999999999	0.024284389572887973
8.4	0.028106067636393867
8.41	0.030786269302526356
8.42	0.032330779137368565
8.43	0.032759170610062546
8.44	0.0321045299532247
8.45	0.030412959163944958
8.459999999999999	0.027742863323013706
8.469999999999999	0.024164035183304886
8.479999999999999	0.019756556982159015
8.49	0.014609545168764407
8.5	0.00881976783099954
8.51	0.002490166837569127
8.52	-0.004271682968360849
8.53	-0.011355146656204268
8.54	-0.018648106287884894
8.55	-0.026038518390893196
8.56	-0.03341593273042279
8.57	-0.04067295808187751
8.58	-0.047706665071067925
8.59	-0.05441991962972283
8.6	-0.06072264285278646
8.61	-0.06653299382509413
8.62	-0.07177847124941082
8.63	-0.07639692756437903
8.64	-0.0803374859578705
8.65	-0.08356134666536813
8.66	-0.08604246470629055
8.67	-0.0877680773258068
8.68	-0.08873905645880283
8.69	-0.08897006005694257
8.7	-0.0884894565656062
8.71	-0.08733899951402233
8.72	-0.08557323422303054
8.73	-0.0832586259803163
8.74	-0.0804724084188932
8.75	-0.07730116180593763
8.76	-0.07383914288392382
8.77	-0.07018640005682657
8.78	-0.06644671926217649
8.79	-0.06272545598291777
8.8	-0.059127316754265594
8.81	-0.05575415854775384
8.82	-0.052702876078323295
8.83	-0.050063445108549216
8.84	-0.04791718419068772
8.85	-0.046335288223626474
8.860000000000001	-0.045377675186727716
8.870000000000001	-0.045092173142939077
8.88	-0.045514058948756285
8.89	-0.04666594404672448
8.9	-0.04855798726361266
8.91	-0.05118840067285982
8.92	-0.054544203168660224
8.93	-0.05860216812925096
8.940000000000001	-0.06332990687355189
8.950000000000001	-0.06868702872887564
8.96	-0.0746263213372128
8.97	-0.08109490097354667
8.98	-0.0880352915306699
8.99	-0.09538640165039368
9.	-0.10308438133674805
9.01	-0.1110633513077707
9.020000000000001	-0.11925600939622633
9.030000000000001	-0.12759412766583392
9.040000000000001	-0.13600896091254422
9.05	-0.14443159143434536
9.06	-0.15279323619745996
9.07	-0.16102554088457957
9.08	-0.16906088111519796
9.09	-0.17683268492973547
9.1	-0.18427578314219306
9.110000000000001	-0.19132678620411514
9.120000000000001	-0.1979244786231211
9.13	-0.20401021553230575
9.14	-0.20952830138020784
9.15	-0.21442632839853193
9.16	-0.21865545277724968
9.170000000000002	-0.22217058936439538
9.180000000000001	-0.22493051099472333
9.190000000000001	-0.22689784579892464
9.200000000000001	-0.22803897442661153
9.21	-0.22832383827640435
9.22	-0.22772567874338717
9.23	-0.22622073535239384
9.24	-0.22378793670597436
9.250000000000002	-0.22040862183824214
9.260000000000002	-0.2160663304208044
9.270000000000001	-0.21074669813089855
9.280000000000001	-0.2044374884212264
9.290000000000001	-0.1971287842194774
9.3	-0.18881335323737392
9.31	-0.17948718926030796
9.32	-0.16915021980693337
9.330000000000002	-0.15780715873402573
9.340000000000002	-0.14546847153638068
9.350000000000001	-0.1321514119943205
9.360000000000001	-0.11788108205180832
9.370000000000001	-0.10269146278354997
9.38	-0.08662636323472955
9.39	-0.06974023577807646
9.4	-0.0520988112046378
9.41	-0.033779513638916486
9.420000000000002	-0.014871623996801774
9.43	0.004523829550750119
9.44	0.02429446545209931
9.45	0.044317228326381616
9.459999999999999	0.06445934627264871
9.469999999999999	0.08457954993644583
9.48	0.10452953070884743
9.49	0.1241556103763625
9.5	0.14330059100225787
9.51	0.161805751609992
9.52	0.17951295706256504
9.53	0.19626684402995756
9.54	0.2119170487434922
9.549999999999999	0.22632044102183616
9.56	0.23934332857329366
9.57	0.2508635947055357
9.58	0.26077273131725415
9.59	0.2689777275596562
9.6	0.27540277312106143
9.61	0.27999073409050157
9.62	0.28270435923963233
9.629999999999999	0.2835271757825666
9.64	0.2824640366416399
9.65	0.2795412862789525
9.66	0.2748065194246066
9.67	0.2683279165406979
9.68	0.26019315141345445
9.69	0.25050787947586267
9.7	0.2393938297657908
9.709999999999999	0.2269865381142875
9.719999999999999	0.21343277343406664
9.73	0.19888772200380628
9.74	0.1835120056111925
9.75	0.16746861760709364
9.76	0.15091986576384658
9.77	0.13402441194063577
9.78	0.11693449578206405
9.790000000000001	0.09979342309002114
9.8	0.08273338942539252
9.81	0.06587369643504698
9.82	0.049319403053947754
9.83	0.033160436917954
9.84	0.017471173920637573
9.85	0.0023104767446615465
9.86	-0.012277832773071096
9.870000000000001	-0.026264106694527563
9.88	-0.03963166037571082
9.89	-0.0523752779570419
9.9	-0.0644994994787365
9.91	-0.07601675785649671
9.92	-0.08694543374863153
9.93	-0.09730789354658159
9.94	-0.10712857075867438
9.950000000000001	-0.11643214444425487
9.96	-0.12524186063584777
9.97	-0.1335780343991688
9.98	-0.14145676181469655
9.99	-0.14888886313522393
10.	-0.15587907099403817
10.01	-0.16242547101088994
10.02	-0.16851919655436473
10.03	-0.17414437475072678
10.040000000000001	-0.17927831697085528
10.05	-0.18389194380225382
10.06	-0.18795043170571818
10.07	-0.1914140659410852
10.08	-0.19423928171726806
10.09	-0.1963798727184994
10.100000000000001	-0.19778834308824098
10.110000000000001	-0.19841737560094724
10.120000000000001	-0.19822138519413812
10.13	-0.19715812342477418
10.14	-0.19519029598437976
10.15	-0.19228715243740585
10.16	-0.18842600514784313
10.17	-0.1835936332386386
10.180000000000001	-0.1777875276659907
10.190000000000001	-0.17101693530468273
10.200000000000001	-0.16330366346448683
10.21	-0.15468261152165155
10.22	-0.14520200326664406
10.23	-0.13492330193707625
10.24	-0.12392079941114795
10.25	-0.11228088127640087
10.260000000000002	-0.10010097999089096
10.270000000000001	-0.08748823861216863
10.280000000000001	-0.07455791707788414
10.290000000000001	-0.06143158131094496
10.3	-0.04823512209295605
10.31	-0.03509665540226023
10.32	-0.022144358568542008
10.33	-0.00950429710693547
10.34	0.0027017044525653178
10.350000000000001	0.014358097820151468
10.36	0.025357507296471585
10.37	0.03560244830528228
10.379999999999999	0.045006835985650265
10.389999999999999	0.053497258786805536
10.399999999999999	0.061013998943174386
10.41	0.06751178816503145
10.42	0.07296029260689255
10.43	0.07734432602125053
10.44	0.08066379393466434
10.45	0.08293337477101614
10.459999999999999	0.08418194626220783
10.469999999999999	0.0844517674724915
10.479999999999999	0.08379742860192137
10.49	0.08228458271759606
10.5	0.07998847594897335
10.51	0.07699229567429311
10.52	0.07338535992448207
10.53	0.06926117563663162
10.54	0.06471539837306475
10.549999999999999	0.05984373144184521
10.559999999999999	0.05473980765758394
10.57	0.04949310183583115
10.58	0.04418692603919869
10.59	0.03889656210009888
10.6	0.03368758658130762
10.61	0.028614441728445662
10.62	0.023719301865088097
10.629999999999999	0.019031277980321587
10.639999999999999	0.014565994033458148
10.649999999999999	0.010325557007662762
10.66	0.00629892941793906
10.67	0.0024626984130516894
10.68	-0.0012177794751986604
10.69	-0.004786893687819881
10.7	-0.008297004549562545
10.709999999999999	-0.01180643897344319
10.72	-0.015377327366906779
10.73	-0.0190733581259072
10.74	-0.02295752850523365
10.75	-0.02708996931180964
10.76	-0.03152591584919506
10.77	-0.03631388914657952
10.78	-0.04149414025101046
10.79	-0.0470973969447035
10.8	-0.05314393749981
10.81	-0.05964300090400719
10.82	-0.0665925282930966
10.83	-0.07397921696533112
10.84	-0.08177885706292572
10.85	-0.08995691235592267
10.86	-0.09846930091239847
10.87	-0.10726332892029046
10.88	-0.1162787314421894
10.89	-0.12544877712495164
10.9	-0.1347013993576095
10.91	-0.14396032344644466
10.92	-0.15314616734693906
10.93	-0.1621775016321722
10.94	-0.17097186199810996
10.95	-0.17944671411605204
10.959999999999999	-0.18752037558477436
10.97	-0.19511290282204857
10.98	-0.20214695186131676
10.99	-0.20854862125806076
11.	-0.21424828289893053
11.01	-0.21918140281422502
11.02	-0.223289349582134
11.030000000000001	-0.2265201830885613
11.040000000000001	-0.22882941177677005
11.05	-0.23018070254647266
11.06	-0.2305465245226872
11.07	-0.22990870627789406
11.08	-0.22825888590072213
11.09	-0.2255988345718956
11.1	-0.22194063692708105
11.110000000000001	-0.21730671524265266
11.120000000000001	-0.21172968908776885
11.13	-0.20525206720829864
11.14	-0.19792577369749953
11.15	-0.18981151563226964
11.16	-0.1809780040244418
11.17	-0.1715010439276431
11.18	-0.16146251270154202
11.190000000000001	-0.15094924769564272
11.200000000000001	-0.1400518659778913
11.21	-0.12886353926891786
11.22	-0.11747874706962846
11.23	-0.10599203023706465
11.24	-0.09449676613434037
11.25	-0.08308398510854492
11.26	-0.07184124656869045
11.27	-0.06085159144304683
11.280000000000001	-0.0501925863474366
11.290000000000001	-0.039935473408404865
11.3	-0.030144438330790863
11.31	-0.02087600791882277
11.32	-0.0121785867721655
11.33	-0.004092141189898563
11.340000000000002	0.003351963661863925
11.350000000000001	0.010130969602935382
11.360000000000001	0.016230573345004523
11.370000000000001	0.021644618648194024
11.38	0.02637463847509814
11.39	0.030429256742902477
11.4	0.03382346331121837
11.41	0.03657777990105782
11.420000000000002	0.03871733852820152
11.430000000000001	0.04027089754056458
11.440000000000001	0.04126982325711596
11.450000000000001	0.041747067307809235
11.46	0.041736170884904625
11.47	0.04127032709063547
11.48	0.040381531309173366
11.49	0.03909984700873425
11.500000000000002	0.03745281062665219
11.510000000000002	0.035464994311285025
11.520000000000001	0.033157739463032174
11.530000000000001	0.030549067468272413
11.540000000000001	0.02765376704118313
11.55	0.024483650502187444
11.56	0.021047964469186293
11.57	0.01735393415804598
11.58	0.013407415099191008
11.590000000000002	0.009213621852092402
11.6	0.004777900454217866
11.61	0.000106510015934147
11.62	-0.0047926208744533474
11.629999999999999	-0.009909195472521552
11.639999999999999	-0.015229937235496108
11.65	-0.020738090065455718
11.66	-0.026413049860025035
11.67	-0.032230140711187225
11.68	-0.03816054270062351
11.69	-0.04417137188806704
11.7	-0.05022590711248841
11.709999999999999	-0.05628395292313417
11.719999999999999	-0.062302323571424734
11.73	-0.06823542969831625
11.74	-0.0740359472368899
11.75	-0.07965554712680621
11.76	-0.08504566463103809
11.77	-0.09015828821062359
11.78	-0.09494674984134885
11.79	-0.09936650109717815
11.799999999999999	-0.10337586200586259
11.81	-0.10693673232937458
11.82	-0.11001525728513473
11.83	-0.11258244159612739
11.84	-0.11461470699087037
11.85	-0.11609438879368135
11.86	-0.11701016705665476
11.87	-0.11735742687148432
11.879999999999999	-0.11713854122008836
11.889999999999999	-0.11636306819652154
11.9	-0.11504785291857729
11.91	-0.1132170232268241
11.92	-0.11090186761515773
11.93	-0.10814058399311248
11.94	-0.10497788903489341
11.95	-0.10146448013516289
11.96	-0.09765634539068067
11.97	-0.093613921486979
11.98	-0.0894011047196939
11.99	-0.0850841263669843
12.	-0.08073030992459762
12.01	-0.07640673394810096
12.02	-0.07217883002482926
12.03	-0.06810895034257017
12.040000000000001	-0.06425494309310403
12.05	-0.06066877627622906
12.06	-0.057395251170240705
12.07	-0.054470845728997595
12.08	-0.051922725479196234
12.09	-0.04976795525663533
12.1	-0.04801293955475833
12.11	-0.04665311265647348
12.120000000000001	-0.045672892413405934
12.13	-0.04504590388030779
12.14	-0.04473547134459111
12.15	-0.04469536991783587
12.16	-0.04487082102455643
12.17	-0.04519971001296182
12.18	-0.04561399882906329
12.19	-0.04604130227581198
12.2	-0.0464065928029806
12.21	-0.04663399598006174
12.22	-0.046648636715431506
12.23	-0.04637849482238576
12.24	-0.04575622764550437
12.25	-0.044720917132298366
12.26	-0.04321969899938523
12.270000000000001	-0.041209232579689614
12.280000000000001	-0.03865697166844743
12.290000000000001	-0.03554219935890565
12.3	-0.031856793623248295
12.31	-0.027605695381501753
12.32	-0.022807057091576252
12.33	-0.017492057498173244
12.34	-0.011704377014168293
12.350000000000001	-0.005499338089612296
12.360000000000001	0.0010572744425203923
12.370000000000001	0.007890687061198401
12.38	0.014918868431917046
12.39	0.022054470368694498
12.4	0.029206922759008783
12.41	0.036284619031821036
12.42	0.04319712367104721
12.430000000000001	0.04985733080540587
12.440000000000001	0.05618350330262835
12.450000000000001	0.06210112517469832
12.46	0.06754450640911727
12.47	0.07245808836079734
12.48	0.07679740919247618
12.49	0.08052970202274727
12.5	0.08363411280498985
12.51	0.08610153982097704
12.520000000000001	0.08793411130359821
12.530000000000001	0.0891443313909211
12.540000000000001	0.08975393670431961
12.55	0.08979251577597958
12.56	0.08929595089410539
12.57	0.08830474640610406
12.580000000000002	0.0868623090050222
12.590000000000002	0.08501324407292767
12.600000000000001	0.08280172797796619
12.610000000000001	0.08027000967173635
12.620000000000001	0.07745708648037143
12.63	0.07439758917672708
12.64	0.07112090086331818
12.65	0.0676505234895549
12.660000000000002	0.06400369554958145
12.670000000000002	0.060191255165761515
12.680000000000001	0.05621773477173124
12.690000000000001	0.05208166726211083
12.700000000000001	0.04777607893593606
12.71	0.04328914185420811
12.72	0.03860495725349985
12.73	0.03370444218650459
12.740000000000002	0.028566293282119837
12.750000000000002	0.023168004053392692
12.760000000000002	0.017486915121130802
12.770000000000001	0.011501279658841353
12.780000000000001	0.005191328932670387
12.790000000000001	-0.0014596752898471121
12.8	-0.008464413662805523
12.81	-0.01583051966037112
12.82	-0.023559640484572916
12.830000000000002	-0.03164656321622382
12.84	-0.04007842321079008
12.85	-0.04883401425527413
12.86	-0.05788322238412722
12.87	-0.06718660710493995
12.879999999999999	-0.07669515472256705
12.89	-0.08635022813959023
12.9	-0.09608373569639597
12.91	-0.10581853814737566
12.92	-0.11546910772564942
12.93	-0.12494244653356575
12.94	-0.1341392634448706
12.95	-0.14295539966811566
12.959999999999999	-0.1512834835445438
12.97	-0.159014785547668
12.98	-0.16604123535463633
12.99	-0.17225755480255614
13.	-0.17756345401078838
13.01	-0.1818658333468613
13.02	-0.18508093153335825
13.03	-0.18713636019947977
13.04	-0.1879729675943732
13.05	-0.1875464788781323
13.06	-0.18582886713247815
13.07	-0.18280941761546565
13.08	-0.17849545736254915
13.09	-0.17291273249681952
13.1	-0.16610542602309408
13.11	-0.15813581893478584
13.12	-0.14908360670673457
13.129999999999999	-0.13904489131590056
13.14	-0.12813087557082303
13.15	-0.1164662916086551
13.16	-0.10418759893031579
13.17	-0.09144098940423682
13.18	-0.07838023749018906
13.19	-0.06516443380379612
13.200000000000001	-0.05195563938587803
13.21	-0.03891649698815852
13.22	-0.026207834634335063
13.23	-0.013986295893064354
13.24	-0.0024020308432460627
13.25	0.008403518349273394
13.26	0.018299703079969892
13.27	0.027168590659447482
13.280000000000001	0.03490668867173183
13.290000000000001	0.041426436972857625
13.3	0.04665743418581168
13.31	0.0505473679964627
13.32	0.05306262251130611
13.33	0.054188541576301784
13.34	0.05392933431620616
13.35	0.05230761811594625
13.360000000000001	0.049363604548714454
13.370000000000001	0.04515394492238291
13.38	0.039750263600523666
13.39	0.03323741839895418
13.4	0.02571153746410359
13.41	0.017277890421072625
13.42	0.00804865762584512
13.43	-0.0018593354149272281
13.44	-0.01232685128984803
13.450000000000001	-0.02323437754991612
13.46	-0.03446410937563015
13.47	-0.045901729199474495
13.48	-0.05743794562198201
13.49	-0.06896976663682863
13.5	-0.08040149553358367
13.510000000000002	-0.09164545101015753
13.520000000000001	-0.10262242515807508
13.530000000000001	-0.11326190332917915
13.540000000000001	-0.12350207784612481
13.55	-0.13328969267192325
13.56	-0.14257975832020583
13.57	-0.15133517552038428
13.58	-0.1595263027294279
13.590000000000002	-0.16713049698317184
13.600000000000001	-0.17413165043795
13.610000000000001	-0.18051973699908397
13.620000000000001	-0.18629037542983348
13.63	-0.19144440801514967
13.64	-0.19598748785714848
13.65	-0.19992966369632398
13.66	-0.20328494909370853
13.670000000000002	-0.20607086297997412
13.680000000000001	-0.20830793087554242
13.690000000000001	-0.21001914021694046
13.700000000000001	-0.21122934873464283
13.71	-0.2119646511444648
13.72	-0.21225171590397027
13.73	-0.21211710980544599
13.74	-0.21158663313611825
13.75	-0.21068469154092703
13.760000000000002	-0.20943373221946252
13.77	-0.2078537714887094
13.78	-0.20596203803643534
13.79	-0.20377275154172736
13.799999999999999	-0.20129705006986956
13.809999999999999	-0.19854307220744621
13.82	-0.19551619182326496
13.83	-0.19221939519852516
13.84	-0.18865378263308274
13.85	-0.1848191700216148
13.86	-0.1807147607306695
13.87	-0.17633985469916624
13.879999999999999	-0.17169456019847798
13.889999999999999	-0.1667804741392854
13.9	-0.16160129908300716
13.91	-0.15616336895577967
13.92	-0.1504760605343403
13.93	-0.1445520736672652
13.94	-0.13840756948322938
13.95	-0.13206216209931324
13.959999999999999	-0.12553876520642002
13.969999999999999	-0.11886330007700807
13.98	-0.11206427581171513
13.99	-0.10517225591974574
14.	-0.09821922762118823
14.01	-0.09123789167150394
14.02	-0.0842608912148913
14.03	-0.07731999839925337
14.04	-0.07044527747096213
14.049999999999999	-0.06366424303705388
14.059999999999999	-0.05700103231579927
14.07	-0.050475610602293705
14.08	-0.044103029877377735
14.09	-0.03789276141486475
14.1	-0.03184812423397607
14.11	-0.02596583206510005
14.12	-0.02023568186053161
14.13	-0.014640406478136844
14.14	-0.009155712700830071
14.15	-0.0037505229826960973
14.16	0.0016125649272327458
14.17	0.006976592091025913
14.18	0.012389325021543593
14.19	0.01790212207764691
14.2	0.0235685961250416
14.21	0.02944309966630511
14.22	0.0355790681892362
14.23	0.042027266278268735
14.24	0.048833988474008785
14.25	0.05603927238778024
14.26	0.06367518470771089
14.27	0.0717642411278208
14.28	0.0803180187108083
14.290000000000001	0.08933601376330576
14.3	0.09880479015275796
14.31	0.10869745250724838
14.32	0.1189734664525216
14.33	0.12957883462340078
14.34	0.14044662339015634
14.35	0.1514978218468398
14.36	0.16264250237704256
14.37	0.17378124172484277
14.38	0.18480675351070464
14.39	0.19560567793535735
14.4	0.2060604722063059
14.41	0.21605134599570305
14.42	0.22545818978179047
14.43	0.2341624498425812
14.440000000000001	0.2420489114063153
14.450000000000001	0.24900736035462306
14.46	0.2549341031962612
14.47	0.259733334054592
14.48	0.2633183454651212
14.49	0.2656125862928503
14.5	0.2665505746341794
14.51	0.26607867593132584
14.520000000000001	0.26415575666583757
14.530000000000001	0.26075372208267295
14.540000000000001	0.25585794278906837
14.55	0.24946757029122918
14.56	0.24159573620985006
14.57	0.2322696247467811
14.58	0.22153040365022608
14.59	0.2094329960753158
14.600000000000001	0.19604567486740054
14.610000000000001	0.18144946224701536
14.620000000000001	0.1657373217788462
14.63	0.14901313577343606
14.64	0.13139046958102796
14.65	0.11299113407409735
14.66	0.0939435682894619
14.67	0.07438107491257527
14.68	0.054439951185473755
14.690000000000001	0.034257566078897295
14.700000000000001	0.013970440453566199
14.71	-0.006287610130846263
14.72	-0.026387210684228314
14.73	-0.04620498467814249
14.74	-0.06562488622359956
14.750000000000002	-0.08453926821119404
14.760000000000002	-0.10284966038018335
14.770000000000001	-0.12046724504725956
14.780000000000001	-0.13731303254905095
14.790000000000001	-0.15331775238098397
14.8	-0.16842148863191078
14.81	-0.18257309881670786
14.82	-0.19572946297141416
14.830000000000002	-0.20785461449942388
14.840000000000002	-0.21891880559802818
14.850000000000001	-0.2288975582700743
14.860000000000001	-0.23777074729587333
14.870000000000001	-0.2455217546724378
14.88	-0.25213672663328984
14.89	-0.257603955236809
14.9	-0.2619133974513264
14.910000000000002	-0.26505633639962917
14.920000000000002	-0.2670251825476474
14.930000000000001	-0.2678134075406808
14.940000000000001	-0.26741560029394507
14.950000000000001	-0.2658276337954189
14.96	-0.2630469316218313
14.97	-0.25907282496617917
14.98	-0.25390699345800555
14.99	-0.24755398559027844
15.000000000000002	-0.24002181651544593