0.	0.
0.01	-5.331662165921041e-8
0.02	-8.522636763039402e-7
0.03	-4.30781378536725e-6
0.04	-0.000013584845504498118
0.05	-0.00003307198162247953
0.06	-0.00006833925491007699
0.07	-0.0001260834704835405
0.08	-0.00021406107537961876
0.09	-0.00034100828979284105
0.1	-0.0005165482177987533
0.11	-0.0007510846605568327
0.12	-0.0010556824268703035
0.13	-0.0014419340987015493
0.14	-0.0019218134822149594
0.15	-0.002507516368888584
0.16	-0.0032112897448415903
0.17	-0.004045251203857084
0.18	-0.005021201009185242
0.19	-0.0061504299648255795
0.2	-0.007443526940137515
0.21	-0.008910190475978378
0.22	-0.010559049317749845
0.23	-0.0123974969071337
0.24	-0.014431544768143525
0.25	-0.016665699311186152
0.26	-0.01910286584188528
0.27	-0.021744282517903134
0.28	-0.02458948569414874
0.29	-0.027636306609155933
0.3	-0.03088089779056418
0.31	-0.03431778600913221
0.32	-0.037939947209224445
0.33	-0.0417388977066947
0.34	-0.04570479517614011
0.35	-0.04982654262821509
0.36	-0.0540918887512985
0.37	-0.0584875186691207
0.38	-0.06299913031468177
0.39	-0.06761149316827983
0.4	-0.07230848794522496
0.41000000000000003	-0.07707312781033744
0.42000000000000004	-0.08188756368776166
0.43	-0.08673307806727332
0.44	-0.0915900732320035
0.45	-0.09643806091870549
0.46	-0.10125566097469484
0.47	-0.10602061654142314
0.48	-0.11070983266636414
0.49	-0.1152994440637796
0.5	-0.11976491609758999
0.51	-0.1240811810708044
0.52	-0.12822280972838887
0.53	-0.13216421568144737
0.54	-0.1358798884078457
0.55	-0.13934464873147923
0.56	-0.14253391935540158
0.5700000000000001	-0.14542400221091822
0.5800000000000001	-0.14799235412808792
0.5900000000000001	-0.1502178526269491
0.6000000000000001	-0.152081044420431
0.61	-0.15356437041553306
0.62	-0.15465236247397213
0.63	-0.1553318088035895
0.64	-0.15559188644966754
0.65	-0.1554242608036664
0.66	-0.15482315323228352
0.67	-0.1537853787734046
0.68	-0.1523103563104581
0.6900000000000001	-0.15040009373053792
0.7	-0.14805915034458236
0.71	-0.1452945783862714
0.72	-0.14211584482198983
0.73	-0.13853473412188183
0.74	-0.13456523218385782
0.75	-0.13022339137426303
0.76	-0.12552717672672456
0.77	-0.12049629376127453
0.78	-0.11515199914060872
0.79	-0.10951689641503318
0.8	-0.10361472032594812
0.81	-0.09747011441059902
0.8200000000000001	-0.09110840782897392
0.8300000000000001	-0.08455539826326283
0.8400000000000001	-0.0778371482789868
0.85	-0.07097980257055844
0.86	-0.06400943296988652
0.87	-0.05695191695384913
0.88	-0.04983285368117765
0.89	-0.042677519414688454
0.9	-0.035510861685225686
0.91	-0.02835752891370481
0.92	-0.0212419296367036
0.9299999999999999	-0.014188313195302251
0.94	-0.007220861949387508
0.95	-0.0003637839416414865
0.96	0.006358605420659184
0.97	0.012921823611074051
0.98	0.019301192779908175
0.99	0.025471850645395
1.	0.03140880533372235
1.01	0.037087035915883554
1.02	0.042481637106543256
1.03	0.047568003386124304
1.04	0.0523220449354963
1.05	0.05672042546184281
1.06	0.06074081042913084
1.07	0.0643621135115183
1.08	0.0675647293163222
1.0899999999999999	0.07033074155241593
1.1	0.0726440977540297
1.1099999999999999	0.07449074424755546
1.1199999999999999	0.0758587180574483
1.13	0.07673819564135735
1.14	0.07712150146708356
1.15	0.07700308224783377
1.16	0.07637945492109827
1.17	0.07524913802210866
1.18	0.07361257685803765
1.19	0.07147207279514951
1.2	0.06883172605895811
1.21	0.0656973998127772
1.22	0.0620767110731512
1.23	0.057979051431692
1.24	0.053415637794403024
1.25	0.048399590638029344
1.26	0.042946034820192935
1.27	0.03707221593765441
1.28	0.030797623733458526
1.29	0.02414411318649444
1.3	0.017136013699397525
1.31	0.009800217203551391
1.32	0.0021662369480482113
1.33	-0.005733769878550676
1.34	-0.013865020863684005
1.35	-0.02219017175788851
1.36	-0.030669426018485837
1.37	-0.03926069025640787
1.3800000000000001	-0.04791977380429563
1.3900000000000001	-0.056600629372918695
1.4	-0.0652556308215078
1.4100000000000001	-0.0738358834348073
1.42	-0.08229156174522688
1.43	-0.09057226981013998
1.44	-0.09862741888658313
1.45	-0.10640661756935943
1.46	-0.11386006961026528
1.47	-0.12093897476584717
1.48	-0.1275959280977404
1.49	-0.13378531316432016
1.5	-0.13946368450812413
1.51	-0.14459013479245933
1.52	-0.14912664191875424
1.53	-0.1530383915164411
1.54	-0.1562940703911282
1.55	-0.15886612688730067
1.56	-0.16073099469576202
1.57	-0.16186927741938797
1.58	-0.16226589218587578
1.59	-0.1619101717215646
1.6	-0.16079592551355482
1.61	-0.1589214619098055
1.62	-0.1562895741512506
1.6300000000000001	-0.15290749430804468
1.6400000000000001	-0.14878681982357167
1.6500000000000001	-0.14394341779026176
1.6600000000000001	-0.13839731214853726
1.6700000000000002	-0.1321725586993965
1.6800000000000002	-0.125297112166641
1.6900000000000002	-0.11780268857968265
1.7000000000000002	-0.10972462504131741
1.7100000000000002	-0.10110173758609466
1.7200000000000002	-0.0919761764267871
1.73	-0.08239327653688694
1.7400000000000002	-0.07240140033043162
1.75	-0.062051768269888306
1.76	-0.051398272632725214
1.77	-0.040497269448070236
1.78	-0.02940734379973319
1.79	-0.018189044275613537
1.8	-0.006904583293468641
1.81	0.004382498707439649
1.82	0.015607705726318024
1.83	0.026705994192886072
1.84	0.03761221368695673
1.85	0.04826157594408258
1.86	0.05859014620669785
1.87	0.06853534969701017
1.8800000000000001	0.07803648498285028
1.8900000000000001	0.08703523532490631
1.9000000000000001	0.09547616875754014
1.9100000000000001	0.10330721767126602
1.92	0.11048012902066323
1.93	0.11695087695000755
1.94	0.12268003057110403
1.95	0.1276330707963165
1.96	0.1317806514717712
1.97	0.13509880151596398
1.98	0.13756906629234228
1.99	0.1391785879770226
2.	0.13992012617360197
2.01	0.13979202142814812
2.02	0.13879810556448163
2.03	0.13694756385222828
2.04	0.1342547549013655
2.05	0.13073899481552326
2.06	0.1264243125067424
2.07	0.12133918315881806
2.08	0.1155162466166192
2.09	0.10899201697814001
2.1	0.10180658889144491
2.11	0.09400334504158571
2.12	0.08562866810015127
2.13	0.07673165906403709
2.14	0.067363862505147
2.15	0.05757899787351328
2.16	0.04743269473247616
2.17	0.0369822287456755
2.1799999999999997	0.026286254464098213
2.19	0.015404530547273601
2.2	0.004397633045576707
2.21	-0.006673347203876204
2.2199999999999998	-0.01774712616097806
2.23	-0.028762568990449707
2.24	-0.03965905356027193
2.25	-0.05037685348369042
2.2600000000000002	-0.060857537225449336
2.27	-0.07104437787503232
2.2800000000000002	-0.08088276642690864
2.29	-0.09032061993834917
2.3000000000000003	-0.09930877488458989
2.31	-0.10780135550145117
2.3200000000000003	-0.11575610696756353
2.33	-0.12313468396389923
2.3400000000000003	-0.12990288644632003
2.35	-0.1360308363215836
2.3600000000000003	-0.1414930910311003
2.37	-0.1462686926851265
2.3800000000000003	-0.15034115419021155
2.39	-0.15369838659458274
2.4000000000000004	-0.1563325744554941
2.41	-0.15824000823388543
2.4200000000000004	-0.15942088439242308
2.43	-0.1598790848945697
2.4400000000000004	-0.1596219481002854
2.45	-0.1586600426040186
2.4600000000000004	-0.15700695439134427
2.47	-0.15467909588150244
2.4800000000000004	-0.15169554309952601
2.49	-0.14807790454507486
2.5	-0.14385022248111493
2.5100000000000002	-0.13903890455011186
2.5200000000000005	-0.13367268102923227
2.5300000000000002	-0.127782580831293
2.54	-0.12140191768488812
2.5500000000000003	-0.11456627688380658
2.56	-0.10731349263285016
2.57	-0.09968360633432932
2.58	-0.09171879710797685
2.59	-0.08346327732471621
2.6	-0.07496314783591135
2.61	-0.06626620974569677
2.62	-0.05742173184694224
2.63	-0.04848017506716512
2.64	-0.0394928773104698
2.65	-0.030511703823463986
2.66	-0.021588669578080054
2.67	-0.012775541110829045
2.68	-0.004123425782379669
2.69	0.0043176434461176735
2.7	0.012499119825120461
2.71	0.020374343780925813
2.72	0.027898926226256213
2.73	0.03503110813025838
2.74	0.041732090996558904
2.75	0.04796633359811574
2.7600000000000002	0.05370181095459588
2.77	0.05891023211075827
2.7800000000000002	0.06356721380633781
2.79	0.067652407662878
2.8	0.07114957910634201
2.81	0.07404663695462696
2.8200000000000003	0.07633561347651255
2.83	0.0780125958058879
2.84	0.07907761087835566
2.85	0.07953446752069213
2.86	0.07939056090689647
2.87	0.07865664620465257
2.88	0.07734658975325728
2.8899999999999997	0.07547710740109367
2.9	0.07306750054537539
2.9099999999999997	0.07013940082618461
2.92	0.06671653422154783
2.9299999999999997	0.06282451439877298
2.94	0.05849067357647264
2.9499999999999997	0.05374393687433986
2.96	0.04861474326539057
2.9699999999999998	0.043135012945648116
2.98	0.037338157394770255
2.9899999999999998	0.03125912484982109
3.	0.02493447060344208
3.01	0.01840243871832961
3.02	0.011703039652412255
3.03	0.004878107105043248
3.04	-0.0020286827415668474
3.05	-0.008971845433634943
3.06	-0.015904189678194357
3.07	-0.022776996674043003
3.08	-0.029540284082209704
3.09	-0.03614315682473832
3.1	-0.04253424201171401
3.11	-0.048662200379000556
3.12	-0.05447630198858944
3.13	-0.05992704989960902
3.1399999999999997	-0.06496683232355896
3.15	-0.06955058163826215
3.16	-0.07363641768732584
3.17	-0.07718625309083887
3.1799999999999997	-0.0801663398110762
3.19	-0.08254773884703616
3.2	-0.08430669849528223
3.21	-0.08542493087708927
3.22	-0.08588978111987824
3.23	-0.08569428840254051
3.24	-0.08483714274007262
3.25	-0.08332254562632194
3.2600000000000002	-0.08115998624723311
3.27	-0.07836394774710173
3.2800000000000002	-0.07495355986510346
3.29	-0.07095221511273438
3.3000000000000003	-0.06638716555326243
3.31	-0.06128911624813875
3.3200000000000003	-0.05569182967782252
3.33	-0.049631753085910196
3.3400000000000003	-0.043147677918280315
3.35	-0.03628043752227576
3.3600000000000003	-0.029072646218197107
3.37	-0.021568479922336063
3.3800000000000003	-0.01381349582727151
3.39	-0.005854486339692808
3.4000000000000004	0.0022606393866800925
3.41	0.010482954363494931
3.4200000000000004	0.01876260204701482
3.43	0.02704888330238714
3.4400000000000004	0.0352903513146712
3.45	0.043434923242306425
3.46	0.05143001658385654
3.47	0.059222717098014487
3.4800000000000004	0.06675998373140982
3.49	0.07398889441863304
3.5	0.0808569348698803
3.5100000000000002	0.08731233059893023
3.52	0.09330442051300454
3.53	0.09878406843397441
3.54	0.1037041069997749
3.55	0.10801980656417849
3.56	0.11168936003637817
3.57	0.11467437314873923
3.58	0.1169403484832604
3.59	0.11845715079510441
3.6	0.11919944080877387
3.61	0.11914706478087111
3.62	0.11828538775712125
3.63	0.11660555961151584
3.64	0.11410470462694078
3.65	0.11078602751454864
3.66	0.10665883129990913
3.67	0.1017384453259659
3.68	0.09604606461189717
3.69	0.0896085048217712
3.7	0.08245787998754442
3.71	0.07463121274816392
3.72	0.0661699890707244
3.73	0.05711967109120652
3.74	0.04752918275860223
3.75	0.03745038332922532
3.76	0.026937543417975707
3.77	0.01604683729017426
3.7800000000000002	0.0048358634309573455
3.79	-0.006636796746784246
3.8	-0.018311974776592688
3.81	-0.030130261157532805
3.82	-0.04203230002658712
3.83	-0.05395903388209088
3.84	-0.06585190243589599
3.8499999999999996	-0.07765300200590997
3.86	-0.08930521373399192
3.8699999999999997	-0.10075231024157533
3.88	-0.11193905106359321
3.8899999999999997	-0.12281127731006096
3.9	-0.13331601550780878
3.9099999999999997	-0.14340159951555104
3.92	-0.15301781785460156
3.9299999999999997	-0.16211609184668252
3.94	-0.1706496877073435
3.9499999999999997	-0.17857396332565423
3.96	-0.18584664798917427
3.9699999999999998	-0.1924281509064996
3.98	-0.19828189215004377
3.9899999999999998	-0.2033746476898718
4.	-0.20767689860151228
4.01	-0.21116317337622798
4.02	-0.2138123715917295
4.03	-0.21560805704592437
4.04	-0.2165387088270924
4.05	-0.21659791968208741
4.06	-0.21578453242151957
4.07	-0.214102706920282
4.08	-0.21156191246875455
4.09	-0.2081768427233499
4.1	-0.20396725319948442
4.109999999999999	-0.19895772403817294
4.12	-0.1931773535424323
4.13	-0.18665939060053205
4.14	-0.17944081646706037
4.1499999999999995	-0.17156188834296832
4.16	-0.16306565867520176
4.17	-0.15399748499603755
4.18	-0.14440454537482467
4.19	-0.1343353741231918
4.2	-0.12383943127437769
4.21	-0.11296671758012347
4.22	-0.10176744440419161
4.23	-0.0902917650455902
4.24	-0.07858957083458454
4.25	-0.066710351974707
4.26	-0.054703119734751865
4.2700000000000005	-0.042616383413841885
4.28	-0.030498172692628722
4.29	-0.018396093709754174
4.3	-0.006357405601757793
4.3100000000000005	0.005570896585709861
4.32	0.01734200671551281
4.33	0.02890925339141362
4.34	0.04022607850679205
4.3500000000000005	0.05124605795911932
4.36	0.06192297120509968
4.37	0.07221092321413285
4.38	0.08206451911868591
4.390000000000001	0.09143908866766387
4.4	0.1002909546638368
4.41	0.10857773708774984
4.42	0.11625868272266542
4.43	0.12329500889746571
4.44	0.1296502495049639
4.45	0.135290591725524
4.46	0.14018519283187564
4.47	0.14430646796508634
4.4799999999999995	0.14763034171187195
4.489999999999999	0.15013645851305904
4.5	0.1518083492149295
4.51	0.1526335532674077
4.52	0.15260369802138735
4.529999999999999	0.15171453815982433
4.54	0.1499659594303163
4.55	0.14736195149352518
4.56	0.1439105548706849
4.569999999999999	0.13962378671614428
4.58	0.13451754954455764
4.59	0.12861152621909328
4.6	0.1219290635810964
4.609999999999999	0.11449704619641186
4.62	0.10634576091752368
4.63	0.09750875239786712
4.64	0.08802266939443329
4.6499999999999995	0.07792710166974841
4.66	0.06726440752811413
4.67	0.056079532433994786
4.68	0.04441981967674227
4.6899999999999995	0.032334814564747905
4.7	0.019876064049970332
4.71	0.007096913908171243
4.72	-0.005947694439375845
4.7299999999999995	-0.01920142571822496
4.74	-0.03260675010530195
4.75	-0.04610513984677728
4.76	-0.05963726407492259
4.77	-0.07314318386551572
4.78	-0.08656255067459967
4.79	-0.09983481219394147
4.8	-0.11289943023915823
4.8100000000000005	-0.1256961154248489
4.82	-0.13816508301582886
4.83	-0.15024733344512814
4.84	-0.16188495958271965
4.8500000000000005	-0.17302148100012027
4.86	-0.18360220332958674
4.87	-0.19357459852556996
4.88	-0.2028886995884237
4.890000000000001	-0.21149750130299905
4.9	-0.21935735696485648
4.91	-0.2264283600744341
4.92	-0.2326746996909345
4.930000000000001	-0.2380649786134229
4.94	-0.24257248479318877
4.95	-0.24617540830940338
4.96	-0.24885699872831357
4.970000000000001	-0.2506056605309459
4.98	-0.25141498731493217
4.99	-0.2512837384132408
5.	-0.25021576418893937
5.010000000000001	-0.24821988834711128
5.0200000000000005	-0.24530975698123267
5.03	-0.24150366462929684
5.04	-0.23682436731116474
5.050000000000001	-0.23129889138390586
5.0600000000000005	-0.22495834518874527
5.07	-0.21783773803790382
5.08	-0.20997580831814683
5.09	-0.20141485961647626
5.1	-0.19220060105803724
5.109999999999999	-0.1823819857304555
5.12	-0.1720110393607357
5.13	-0.16114267046842135
5.14	-0.14983445313289398
5.1499999999999995	-0.13814637430314247
5.16	-0.1261405391894717
5.17	-0.11388083058567672
5.18	-0.10143252079616795
5.1899999999999995	-0.08886183796398657
5.2	-0.0762354917687655
5.21	-0.06362016644331614
5.22	-0.051081991617924045
5.2299999999999995	-0.038686003453614504
5.24	-0.026495609731894285
5.25	-0.014572072952825948
5.26	-0.0029740250439715676
5.27	0.008242973948147297
5.28	0.019026822716337696
5.29	0.029329203056900496
5.3	0.03910583645550573
5.31	0.048316670508923396
5.32	0.056925995638862824
5.33	0.06490249516383759
5.34	0.07221923402724251
5.35	0.07885359323006264
5.359999999999999	0.08478715822625976
5.37	0.09000557019464478
5.38	0.09449834923327154
5.39	0.09825869819572572
5.4	0.1012832951941425
5.41	0.10357208183598104
5.42	0.10512805314837793
5.430000000000001	0.10595705397485414
5.44	0.10606758548783357
5.45	0.1054706244078571
5.46	0.10417945659286856
5.470000000000001	0.10220952587038215
5.48	0.09957829832257434
5.49	0.09630514167497015
5.5	0.09241121895124275
5.510000000000001	0.08791939510629199
5.5200000000000005	0.08285415491101189
5.53	0.07724152992054543
5.54	0.0711090319147597
5.550000000000001	0.06448558977313498
5.5600000000000005	0.05740148636981479
5.57	0.049888291792500226
5.58	0.041978789051595036
5.590000000000001	0.03370688850183655
5.6000000000000005	0.025107527487646077
5.61	0.016216552269830056
5.62	0.007070580098921363
5.630000000000001	-0.0022931596511172637
5.640000000000001	-0.011837005130743143
5.65	-0.021523060913807183
5.66	-0.03131341320296183
5.67	-0.04117035703881369
5.680000000000001	-0.051056630010148187
5.69	-0.06093564601727772
5.7	-0.07077172203334363
5.71	-0.08053029060070856
5.72	-0.0901780910260529
5.7299999999999995	-0.09968333290156653
5.74	-0.10901582665214002
5.75	-0.11814707723047757
5.76	-0.12705033876855518
5.77	-0.1357006298400177
5.78	-0.14407471087789533
5.79	-0.1521510271068677
5.8	-0.15990962197695424
5.81	-0.1673320274290157
5.82	-0.17440113830587475
5.83	-0.18110107879717985
5.84	-0.1874170689509593
5.85	-0.19333529900834592
5.86	-0.198842818655403
5.87	-0.20392744729345855
5.88	-0.20857771018023075
5.89	-0.21278280386953546
5.9	-0.21653259286234447
5.91	-0.21981763785614927
5.92	-0.22262925451415205
5.93	-0.2249596003287158
5.94	-0.22680178596805017
5.95	-0.22815000649956546
5.96	-0.2289996870930967
5.97	-0.2293476372269284
5.98	-0.2291922070467045
5.99	-0.2285334393567283
6.	-0.22737321074826208
6.01	-0.2257153555870623
6.0200000000000005	-0.2235657669909064
6.03	-0.22093246952920506
6.04	-0.21782565917275326
6.050000000000001	-0.2142577070119166
6.0600000000000005	-0.21024312443932344
6.07	-0.20579848884202945
6.08	-0.20094233033790634
6.090000000000001	-0.19569498167600477
6.1000000000000005	-0.19007839503902133
6.11	-0.18411593106020896
6.12	-0.17783212680830376
6.130000000000001	-0.17125245070692197
6.140000000000001	-0.16440305324389404
6.15	-0.1573105228052969
6.16	-0.15000165596856058
6.170000000000001	-0.1425032510647962
6.180000000000001	-0.13484193276028086
6.19	-0.12704401383434638
6.2	-0.11913539830962143
6.210000000000001	-0.11114152772015172
6.220000000000001	-0.10308736971773799
6.23	-0.09499744557565448
6.24	-0.08689589062601036
6.250000000000001	-0.07880653943957511
6.260000000000001	-0.07075302579074762
6.2700000000000005	-0.06275888628744232
6.28	-0.05484765609087274
6.290000000000001	-0.04704294546149235
6.300000000000001	-0.03936848694948509
6.3100000000000005	-0.03184814484883998
6.32	-0.024505880947243354
6.33	-0.017365673474429195
6.34	-0.010451389287010525
6.35	-0.003786612511464081
6.36	0.0026055641253676445
6.37	0.00870277643125461
6.38	0.014483643462354243
6.39	0.019928027612743978
6.4	0.0250172873757909
6.41	0.029734510418421213
6.42	0.03406471576669239
6.43	0.037995015776120133
6.44	0.04151473100473084
6.45	0.044615453931785606
6.46	0.04729106045584693
6.47	0.04953767104073872
6.48	0.0513535660456265
6.49	0.052739061993071976
6.5	0.05369635715582594
6.51	0.054229355791983805
6.5200000000000005	0.0543434806004039
6.53	0.05404548253482089
6.54	0.05334325609135892
6.55	0.052245666700574775
6.5600000000000005	0.050762395073894045
6.57	0.04890380145314222
6.58	0.04668081086755912
6.59	0.04410481887422392
6.6	0.04118761597261163
6.61	0.03794132802672506
6.62	0.034378369634377064
6.63	0.03051140743784072
6.640000000000001	0.02635333081124318
6.65	0.0219172280867354
6.66	0.01721636736588776
6.670000000000001	0.01226418186492658
6.680000000000001	0.007074260525021501
6.69	0.0016603451635202587
6.7	-0.003963664338611377
6.710000000000001	-0.009783695469867203
6.720000000000001	-0.015785478321489122
6.73	-0.021954510647145906
6.74	-0.028276013855569583
6.750000000000001	-0.034734882234135386
6.760000000000001	-0.041315628860864304
6.7700000000000005	-0.04800233264184262
6.78	-0.0547785915740974
6.790000000000001	-0.06162748757061066
6.800000000000001	-0.06853156792401219
6.8100000000000005	-0.07547284770729254
6.82	-0.0824328361453422
6.830000000000001	-0.08939258832434295
6.840000000000001	-0.09633278166694881
6.8500000000000005	-0.10323381455442562
6.86	-0.1100759225069452
6.870000000000001	-0.11683930562683018
6.880000000000001	-0.12350425973758665
6.890000000000001	-0.13005130295304015
6.9	-0.13646128937669363
6.91	-0.1427155022969002
6.920000000000001	-0.1487957205811298
6.930000000000001	-0.15468425389498
6.94	-0.16036394473661386
6.95	-0.1658181379007318
6.96	-0.17103062065728725
6.97	-0.17598553943006115
6.98	-0.18066730088107844
6.99	-0.18506046687115002
7.	-0.18914965364128325
7.01	-0.19291944566937397
7.0200000000000005	-0.19635433398908125
7.03	-0.1994386873660211
7.04	-0.20215676272208116
7.05	-0.20449275874323058
7.0600000000000005	-0.20643091389576756
7.07	-0.20795564732367472
7.08	-0.20905173851766862
7.09	-0.20970453942662023
7.1000000000000005	-0.20990021098046385
7.11	-0.2096259749176539
7.12	-0.20887037141069784
7.13	-0.207623513250945
7.140000000000001	-0.20587732822403368
7.15	-0.2036257826651079
7.16	-0.2008650808779618
7.17	-0.19759383696174238
7.180000000000001	-0.1938132174355221
7.19	-0.18952705471968315
7.2	-0.1847419328838685
7.21	-0.17946724800509528
7.220000000000001	-0.17371524594150567
7.23	-0.1675010403139799
7.24	-0.16084261304248906
7.25	-0.153760798992993
7.26	-0.14627925527056074
7.27	-0.13842441458226595
7.279999999999999	-0.13022542103029594
7.29	-0.12171404581418421
7.3	-0.11292457973202605
7.31	-0.10389369915282946
7.319999999999999	-0.09466030232684577
7.33	-0.08526531350769981
7.34	-0.07575145333971083
7.35	-0.06616297524205955
7.359999999999999	-0.05654536899763789
7.37	-0.0469450343121802
7.38	-0.03740892862667672
7.39	-0.027984194827617957
7.3999999999999995	-0.01871777560587806
7.41	-0.009656021989992707
7.42	-0.0008443039767599032
7.43	0.007673368814234676
7.4399999999999995	0.015854708910512185
7.45	0.023659488341355183
7.46	0.03104984572387131
7.47	0.03799055841095523
7.4799999999999995	0.04444927632998501
7.49	0.05039671547240039
7.5	0.055806810284477454
7.51	0.0606568253980956
7.52	0.06492742818245645
7.529999999999999	0.0686027244660852
7.54	0.07167026046284126
7.55	0.07412099443891734
7.56	0.07594924199439766
7.57	0.07715259902237916
7.58	0.07773184647306153
7.59	0.07769084100917244
7.6000000000000005	0.07703639550780439
7.61	0.07577815315086382
7.62	0.07392845855451305
7.63	0.0715022290150178
7.640000000000001	0.06851682848963495
7.65	0.064991946383302
7.66	0.060949482575477706
7.67	0.05641343940569053
7.680000000000001	0.05140982055915584
7.69	0.0459665359853856
7.7	0.04011331118287647
7.71	0.03388159844067644
7.720000000000001	0.027304486996585813
7.73	0.020416608605783988
7.74	0.013254034761989532
7.75	0.005854161813873042
7.760000000000001	-0.0017444195044572022
7.7700000000000005	-0.009502073055112359
7.78	-0.017378286900178876
7.79	-0.025331864599515322
7.800000000000001	-0.03332113807353754
7.8100000000000005	-0.04130420061335551
7.82	-0.04923915732901275
7.83	-0.057084389121351706
7.84	-0.06479882522889355
7.8500000000000005	-0.07234221861277054
7.86	-0.07967541795715025
7.87	-0.08676062991583379
7.88	-0.09356166543784977
7.89	-0.10004416454154556
7.8999999999999995	-0.10617579473877319
7.91	-0.11192641937903411
7.92	-0.11726823341311216
7.93	-0.12217586538380645
7.9399999999999995	-0.12662644575276621
7.95	-0.1305996428877876
7.96	-0.1340776690965622
7.97	-0.1370452599494279
7.9799999999999995	-0.13948963075408358
7.99	-0.14140041441932238
8.	-0.14276958508258905
8.01	-0.1435913718053255
8.02	-0.1438621664015255
8.03	-0.14358042910713428
8.04	-0.14274659537160322
8.05	-0.14136298660405738
8.06	-0.1394337272730731
8.07	-0.13696467036457036
8.08	-0.13396333285693598
8.09	-0.1304388425697443
8.1	-0.1264018974631448
8.11	-0.12186473818017492
8.12	-0.11684113429923512
8.129999999999999	-0.1113463843662854
8.14	-0.10539732927883991
8.15	-0.09901237798346474
8.16	-0.09221154372750508
8.17	-0.08501648829685941
8.18	-0.07745057081632609
8.19	-0.06953889684727815
8.2	-0.06130836276215407
8.209999999999999	-0.05278768978675186
8.219999999999999	-0.04400744175935725
8.229999999999999	-0.0350000206310041
8.24	-0.025799634076818883
8.25	-0.01644223033280834
8.26	-0.006965396513668537
8.27	0.002591781831055788
8.28	0.012188900372201536
8.29	0.02178445333445576
8.299999999999999	0.03133608492778288
8.309999999999999	0.04080086932768686
8.32	0.0501356119121429
8.33	0.05929716308785272
8.34	0.0682427351536023
8.35	0.07693021234718792
8.36	0.085318444558178
8.37	0.0933675161692726
8.379999999999999	0.10103898307224769
8.389999999999999	0.10829607300050438
8.4	0.11510384679470759
8.41	0.12142932090202288
8.42	0.1272415541102495
8.43	0.13251170403422685
8.44	0.13721306100798747
8.45	0.1413210686189565
8.459999999999999	0.1448133410133658
8.469999999999999	0.14766968721645224
8.479999999999999	0.14987215201532783
8.49	0.15140508147594603
8.5	0.15225521899790373
8.51	0.15241183509615444
8.52	0.15186689102607567
8.53	0.1506152331574508
8.54	0.1486548118878696
8.55	0.14598691609676587
8.56	0.1426164118864487
8.57	0.1385519728061227
8.58	0.13380628802753125
8.59	0.128396235094636
8.6	0.12234300489628834
8.61	0.11567216833849052
8.62	0.10841367669059544
8.63	0.10060179056925023
8.64	0.09227493579384279
8.65	0.08347548766997813
8.66	0.07424948840777346
8.67	0.06464630515403777
8.68	0.0547182383412081
8.69	0.04452009160871787
8.7	0.03410871536728563
8.71	0.023542536145318187
8.72	0.012881083227849349
8.73	0.002184522871387772
8.74	-0.008486791308574979
8.75	-0.01907274516268899
8.76	-0.029513863532077307
8.77	-0.0397516800097818
8.78	-0.04972907632633369
8.79	-0.059390592274657636
8.8	-0.06868270821615102
8.81	-0.07755410289969575
8.82	-0.08595588958693863
8.83	-0.09384183335925714
8.84	-0.10116855206549066
8.85	-0.10789570275683719
8.860000000000001	-0.11398615475802494
8.870000000000001	-0.11940614984970671
8.88	-0.12412544947837187
8.89	-0.12811746853411451
8.9	-0.13135939507917035
8.91	-0.13383229547195452
8.92	-0.135521204580544
8.93	-0.13641520115494737
8.940000000000001	-0.13650746884882492
8.950000000000001	-0.13579534375754743
8.96	-0.13428034958250418
8.97	-0.13196822156676724
8.98	-0.12886892012396722
8.99	-0.1249966345814561
9.	-0.12036977669825695
9.01	-0.11501096265075882
9.020000000000001	-0.1089469810916123
9.030000000000001	-0.10220874379049937
9.040000000000001	-0.09483121438588463
9.05	-0.08685331004229607
9.06	-0.078317770434257
9.07	-0.06927098855862682
9.08	-0.059762798468124656
9.09	-0.0498462161348182
9.1	-0.03957713125977321
9.110000000000001	-0.029013949864329244
9.120000000000001	-0.018217189807721006
9.13	-0.007249033820251858
9.14	0.0038271529549346152
9.15	0.014947331737628718
9.16	0.026047314245239317
9.170000000000002	0.037063289989694145
9.180000000000001	0.047932343960688566
9.190000000000001	0.058592952065542034
9.200000000000001	0.06898544257991854
9.21	0.079052413442854
9.22	0.08873909740871047
9.23	0.09799366970686567
9.24	0.10676749578195545
9.250000000000002	0.11501531969562057
9.260000000000002	0.12269539666276874
9.270000000000001	0.12976957577692036
9.280000000000001	0.1362033410813488
9.290000000000001	0.14196582063197896
9.3	0.14702977398744224
9.31	0.1513715686153462
9.32	0.15497115503907324
9.330000000000002	0.15781204923295225
9.340000000000002	0.15988132891663354
9.350000000000001	0.16116964814575285
9.360000000000001	0.16167127211251478
9.370000000000001	0.1613841315316511
9.38	0.16030989356617256
9.39	0.15845404409834268
9.4	0.1558259744046246
9.41	0.1524390640442985
9.420000000000002	0.1483107510789764
9.43	0.14346258062331105
9.44	0.13792022316798808
9.45	0.13171345506400484
9.459999999999999	0.1248760949337574
9.469999999999999	0.11744589148366387
9.48	0.10946436012528973
9.49	0.10097656785609305
9.5	0.09203086789677158
9.51	0.08267858753036088
9.52	0.07297367435068985
9.53	0.06297230763284785
9.54	0.05273248273114164
9.549999999999999	0.04231357725220811
9.56	0.03177590822079237
9.57	0.021180289546010027
9.58	0.010587598813069796
9.59	0.00005836178798725167
9.6	-0.0103476379398251
9.61	-0.020571718000489563
9.62	-0.03055662028045014
9.629999999999999	-0.04024679492491233
9.64	-0.04958864405415684
9.65	-0.05853072575735388
9.66	-0.06702392070422383
9.67	-0.07502156537032184
9.68	-0.08247955732464737
9.69	-0.08935643920052279
9.7	-0.09561346879215908
9.709999999999999	-0.1012146831334393
9.719999999999999	-0.10612696438170886
9.73	-0.1103201148297453
9.74	-0.11376694740958285
9.75	-0.11644339666492776
9.76	-0.11832865341338056
9.77	-0.11940532428061401
9.78	-0.11965961507066394
9.790000000000001	-0.11908153466293683
9.8	-0.11766511392781806
9.81	-0.11540863216250856
9.82	-0.11231484189229743
9.83	-0.10839118166972406
9.84	-0.10364996582125502
9.85	-0.09810853999412388
9.86	-0.09178939186605167
9.870000000000001	-0.08472020748159759
9.88	-0.07693386531874893
9.89	-0.0684683622815073
9.9	-0.059366668244822215
9.91	-0.04967650841224443
9.92	-0.03945007543802294
9.93	-0.028743675866128943
9.94	-0.01761731780912487
9.950000000000001	-0.0061342488070944
9.96	0.00563954562624687
9.97	0.01763587121510868
9.98	0.02978486983976232
9.99	0.04201556816763963
10.	0.05425641858213465
10.01	0.06643582203455119
10.02	0.07848262386585153
10.03	0.09032657535081746
10.040000000000001	0.10189875560464634
10.05	0.11313195045780888
10.06	0.12396098685242748
10.07	0.13432302315808167
10.08	0.1441577974782414
10.09	0.15340783746771175
10.100000000000001	0.16201863637378924
10.110000000000001	0.16993880092955602
10.120000000000001	0.17712017736242625
10.13	0.18351796213866306
10.14	0.1890908041553307
10.15	0.19380090492728405
10.16	0.19761412291045716
10.17	0.20050008746415232
10.180000000000001	0.20243232709170716
10.190000000000001	0.20338841551768255
10.200000000000001	0.20335013786919037
10.21	0.20230367774099006
10.22	0.2002398242612934
10.23	0.19715419647046067
10.24	0.19304748042843994
10.25	0.18792567254526793
10.260000000000002	0.18180032076669148
10.270000000000001	0.1746887535441763
10.280000000000001	0.16661428508581372
10.290000000000001	0.1576063843377537
10.3	0.1477007945965197
10.31	0.13693959069908102
10.32	0.1253711614549995
10.33	0.1130501064151331
10.34	0.10003703821538991
10.350000000000001	0.08639828454611011
10.36	0.07220548718361704
10.37	0.057535099337881715
10.379999999999999	0.0424677866361135
10.389999999999999	0.02708774115908466
10.399999999999999	0.011481921840379217
10.41	-0.004260762011752364
10.42	-0.02005030453123252
10.43	-0.03579647299823448
10.44	-0.0514096710828677
10.45	-0.06680177349123068
10.459999999999999	-0.08188691121494779
10.469999999999999	-0.09658218899871573
10.479999999999999	-0.11080832000413117
10.49	-0.12449016677016457
10.5	-0.13755718220520047
10.51	-0.14994374920787162
10.52	-0.16158942230120127
10.53	-0.17243907907619035
10.54	-0.18244299300126654
10.549999999999999	-0.19155684203199197
10.559999999999999	-0.19974166928132403
10.57	-0.2069638126898543
10.58	-0.21319482015321678
10.59	-0.2184113649881082
10.6	-0.2225951740922792
10.61	-0.2257329778857003
10.62	-0.22781648736553045
10.629999999999999	-0.2288423996499911
10.639999999999999	-0.22881242951577804
10.649999999999999	-0.22773336092267005
10.66	-0.2256171096041687
10.67	-0.22248078566720225
10.68	-0.21834674390317968
10.69	-0.21324260921255322
10.7	-0.20720126515639015
10.709999999999999	-0.20026079507755556
10.72	-0.19246436733024902
10.73	-0.18386005872985367
10.74	-0.17450061317294283
10.75	-0.16444313526560936
10.76	-0.15374872153668698
10.77	-0.14248203423357975
10.78	-0.13071082467741033
10.79	-0.11850541461647868
10.8	-0.1059381449410321
10.81	-0.0930828015350191
10.82	-0.08001402800935035
10.83	-0.06680673468469092
10.84	-0.05353551258090213
10.85	-0.04027406044095515
10.86	-0.027094632067586832
10.87	-0.01406751056111022
10.88	-0.001260515458815524
10.89	0.01126145169799786
10.9	0.02343681822994667
10.91	0.03520770283125894
10.92	0.046520225331973815
10.93	0.05732475982870949
10.94	0.06757612801511131
10.95	0.07723373051582443
10.959999999999999	0.0862616152930012
10.97	0.09462848374803359
10.98	0.10230763693913193
10.99	0.10927686629403789
11.	0.11551829519753107
11.01	0.12101817973155787
11.02	0.1257666784852646
11.030000000000001	0.1297576025781978
11.040000000000001	0.1329881577164636
11.05	0.13545869012507356
11.06	0.13717244751219126
11.07	0.13813536481874855
11.08	0.13835588244432614
11.09	0.13784480202946928
11.1	0.1366151818771721
11.110000000000001	0.13468227091407226
11.120000000000001	0.13206347694963855
11.13	0.1287783621198552
11.14	0.12484865601790632
11.15	0.12029827530385456
11.16	0.1151533376855256
11.17	0.109442158152878
11.18	0.10319521623828018
11.190000000000001	0.09644508480932454
11.200000000000001	0.08922631335735506
11.21	0.08157526174887401
11.22	0.07352988374240707
11.23	0.06512946300142423
11.24	0.05641430761189874
11.25	0.04742541201245573
11.26	0.03820409756954131
11.27	0.02879164462944927
11.280000000000001	0.01922892965870053
11.290000000000001	0.009556081010877578
11.3	-0.00018783404106885448
11.31	-0.00996508000898056
11.32	-0.019739472884765706
11.33	-0.0294765427801586
11.340000000000002	-0.0391436364234789
11.350000000000001	-0.048709959453663104
11.360000000000001	-0.05814656136496298
11.370000000000001	-0.06742626859141491
11.38	-0.0765235734464301
11.39	-0.08541448835301584
11.4	-0.09407637595867227
11.41	-0.10248776630718738
11.420000000000002	-0.1106281722553004
11.430000000000001	-0.11847791382183807
11.440000000000001	-0.12601796120930803
11.450000000000001	-0.1332298049252293
11.46	-0.14009535984231022
11.47	-0.14659690826107177
11.48	-0.1527170851593397
11.49	-0.15843890690466272
11.500000000000002	-0.1637458428324109
11.510000000000002	-0.16862192730826675
11.520000000000001	-0.17305190824505373
11.530000000000001	-0.17702142656890296
11.540000000000001	-0.18051721986458621
11.55	-0.18352734240618057
11.56	-0.18604139302968906
11.57	-0.18805074185784232
11.58	-0.18954874677164338
11.590000000000002	-0.19053095075882023
11.6	-0.19099525186826338
11.61	-0.1909420384596612
11.62	-0.1903742837400991
11.629999999999999	-0.18929759518580516
11.639999999999999	-0.18772021629696783
11.65	-0.18565298014663661
11.66	-0.18310921626210847
11.67	-0.18010461440835895
11.68	-0.17665705071039825
11.69	-0.17278638314071404
11.7	-0.16851422460628523
11.709999999999999	-0.16386370261407582
11.719999999999999	-0.15885921472031067
11.73	-0.1535261886570212
11.74	-0.14789085519611314
11.75	-0.14198004051159863
11.76	-0.13582098312466864
11.77	-0.12944117858114076
11.78	-0.1228682529559702
11.79	-0.11612986425124197
11.799999999999999	-0.10925362889832387
11.81	-0.10226706902191536
11.82	-0.09519757498044816
11.83	-0.08807237703638286
11.84	-0.08091851986555187
11.85	-0.07376283397980474
11.86	-0.0666318989634808
11.87	-0.05955199462938267
11.879999999999999	-0.052549037671699605
11.889999999999999	-0.04564850300300376
11.9	-0.03887533057367012
11.91	-0.03225381995388289
11.92	-0.025807516196013708
11.93	-0.019559091399265136
11.94	-0.013530226912090177
11.95	-0.007741501210351557
11.96	-0.0022122881963019397
11.97	0.003039329975858876
11.98	0.007996632350735373
11.99	0.01264430878454657
12.	0.016968488758043694
12.01	0.020956749546422473
12.02	0.0245981048971154
12.03	0.027882976164138214
12.040000000000001	0.030803148403692495
12.05	0.03335171423451787
12.06	0.03552300832071086
12.07	0.037312535184087114
12.08	0.03871689275677635
12.09	0.039733693713934815
12.1	0.04036148625497932
12.11	0.040599675696701226
12.120000000000001	0.040448448054593994
12.13	0.03990869674906925
12.14	0.0389819536843722
12.15	0.03767032618596835
12.16	0.03597644159833334
12.17	0.03390340167153311
12.18	0.03145474912247128
12.19	0.0286344488641887
12.2	0.025446886282465025
12.21	0.021896884549686996
12.22	0.01798974227587316
12.23	0.013731291812944864
12.24	0.009127977294046186
12.25	0.004186950081966144
12.26	-0.001083822172772357
12.270000000000001	-0.006675438075125897
12.280000000000001	-0.012577943051885414
12.290000000000001	-0.018780215238622826
12.3	-0.025269864406129043
12.31	-0.03203315152430362
12.32	-0.03905493584994134
12.33	-0.04631865512296038
12.34	-0.05380634261638062
12.350000000000001	-0.061498682511971235
12.360000000000001	-0.0693751025161725
12.370000000000001	-0.07741389997392557
12.38	-0.08559239518869133
12.39	-0.09388710342623097
12.4	-0.10227391536681826
12.41	-0.1107282747432969
12.42	-0.11922534168248641
12.430000000000001	-0.1277401309174646
12.440000000000001	-0.13624761555393058
12.450000000000001	-0.14472278938072478
12.46	-0.1531406836724591
12.47	-0.1614763378429524
12.48	-0.1697047269305566
12.49	-0.17780065246441148
12.5	-0.18573860650328583
12.51	-0.19349262130349276
12.520000000000001	-0.20103611894391873
12.530000000000001	-0.2083417761560876
12.540000000000001	-0.21538141948601802
12.55	-0.22212596474064966
12.56	-0.22854541251268223
12.57	-0.23460890857521666
12.580000000000002	-0.24028487429708667
12.590000000000002	-0.24554120820406683
12.600000000000001	-0.2503455556787176
12.610000000000001	-0.2546656398391973
12.620000000000001	-0.2584696431307536
12.63	-0.261726626335201
12.64	-0.2644069697270886
12.65	-0.26648282009089447
12.660000000000002	-0.2679285272947851
12.670000000000002	-0.26872105505586963
12.680000000000001	-0.2688403523210147
12.690000000000001	-0.26826967416351116
12.700000000000001	-0.26699584405212684
12.71	-0.2650094525582172
12.72	-0.26230499079483555
12.73	-0.2588809199126054
12.740000000000002	-0.2547396806250337
12.750000000000002	-0.24988764886004422
12.760000000000002	-0.24433504514752932
12.770000000000001	-0.23809580622387383
12.780000000000001	-0.23118742758648755
12.790000000000001	-0.22363078543519466
12.8	-0.21544994570063736
12.81	-0.20667196681153482
12.82	-0.1973267016323316
12.830000000000002	-0.1874466027410785
12.84	-0.17706653402786443
12.85	-0.16622359055917307
12.86	-0.15495692782253395
12.87	-0.1433076008488832
12.879999999999999	-0.1313184132860042
12.89	-0.11903377621402274
12.9	-0.10649957628575418
12.91	-0.09376305256671155
12.92	-0.08087268117274568
12.93	-0.06787806640622657
12.94	-0.054829836548193955
12.95	-0.04177954177912336
12.959999999999999	-0.02877955091327799
12.97	-0.015882942809699697
12.98	-0.00314338755977972
12.99	0.009384988045880963
13.	0.021647756589834175
13.01	0.03359037340462928
13.02	0.04515839251525004
13.03	0.05629771941191912
13.04	0.06695490342908615
13.05	0.07707747057103992
13.06	0.08661429533341579
13.07	0.09551600755422465
13.08	0.10373542774951808
13.09	0.1112280219287685
13.1	0.11795236472650376
13.11	0.12387059800348411
13.12	0.12894887100731245
13.129999999999999	0.13315774784571308
13.14	0.13647256847177403
13.15	0.138873750610705
13.16	0.14034702201716612
13.17	0.14088357503284848
13.18	0.14048013846356125
13.19	0.13913896512729246
13.200000000000001	0.1368677368351016
13.21	0.13367939184673666
13.22	0.12959188279629003
13.23	0.12462787554040654
13.24	0.11881440121003273
13.25	0.11218247486193869
13.26	0.1047666944924292
13.27	0.09660483380999572
13.280000000000001	0.08773744112889749
13.290000000000001	0.07820745514467489
13.3	0.0680598463186334
13.31	0.05734129028153961
13.32	0.04609987722399206
13.33	0.03438485882320195
13.34	0.02224643199752195
13.35	0.009735556793128208
13.360000000000001	-0.003096195926457643
13.370000000000001	-0.01619677254545194
13.38	-0.02951374687426726
13.39	-0.04299441917965568
13.4	-0.05658591079045937
13.41	-0.07023526063844286
13.42	-0.08388952943316925
13.43	-0.09749591627234552
13.44	-0.11100189141345823
13.450000000000001	-0.1243553477342115
13.46	-0.13750477213972978
13.47	-0.15039943687894944
13.48	-0.16298960945359975
13.49	-0.1752267785787745
13.5	-0.18706389252358605
13.510000000000002	-0.19845560516141417
13.520000000000001	-0.20935852423239065
13.530000000000001	-0.21973145570498265
13.540000000000001	-0.2295356377587553
13.55	-0.23873495782975757
13.56	-0.24729614639099173
13.57	-0.25518894169662687
13.58	-0.26238622059867933
13.590000000000002	-0.26886409172778314
13.600000000000001	-0.27460194877324184
13.610000000000001	-0.279582483238602
13.620000000000001	-0.2837916578052738
13.63	-0.2872186432094711
13.64	-0.2898557232210973
13.65	-0.291698173796074
13.66	-0.29274412365417446
13.670000000000002	-0.2929944043232754
13.680000000000001	-0.29245239802259004
13.690000000000001	-0.2911238915949484
13.700000000000001	-0.28901694403758427
13.71	-0.2861417740552616
13.72	-0.28251067253330087
13.73	-0.278137942999505
13.74	-0.27303987113104855
13.75	-0.26723472230116657
13.760000000000002	-0.26074276418851705
13.77	-0.25358630972227547
13.78	-0.24578977422216894
13.79	-0.23737973960418615
13.799999999999999	-0.2283850180129918
13.809999999999999	-0.2188367072293114
13.82	-0.20876823066262193
13.83	-0.1982153556193789
13.84	-0.18721618474670554
13.85	-0.1758111169815406
13.86	-0.16404277586460742
13.87	-0.1519559045845829
13.879999999999999	-0.13959722848983022
13.889999999999999	-0.12701528695086176
13.9	-0.11426023731319651
13.91	-0.10138363421555824
13.92	-0.08843818776606051
13.93	-0.07547750400349953
13.94	-0.06255581078436902
13.95	-0.049727671809971986
13.959999999999999	-0.03704769103357991
13.969999999999999	-0.02457020925563196
13.98	-0.012348994405864788
13.99	-0.00043692688623102327
14.	0.011114318558370778
14.01	0.02225459265761169
14.02	0.032935590824343254
14.03	0.0431111688011064
14.04	0.052737651071150214
14.049999999999999	0.061774127667708546
14.059999999999999	0.07018273444818968
14.07	0.07792891155051657
14.08	0.08498163469396201
14.09	0.09131361428005212
14.1	0.09690145791088364
14.11	0.1017257929609528
14.12	0.10577134716496148
14.13	0.10902698673763492
14.14	0.11148571321531736
14.15	0.11314462187768498
14.16	0.11400482614001148
14.17	0.11407135357480518
14.18	0.1133530201159348
14.19	0.1118622894353397
14.2	0.1096151244139427
14.21	0.10663083704784491
14.22	0.10293194207366133
14.23	0.09854401814085817
14.24	0.0934955786153858
14.25	0.08781795220817303
14.26	0.08154517173717757
14.27	0.0747138676103779
14.28	0.06736316120336491
14.290000000000001	0.059534552321567
14.3	0.05127179446930501
14.31	0.04262075174061297
14.32	0.033629231796947656
14.33	0.024346790555502693
14.34	0.014824505785789699
14.35	0.005114718674678803
14.36	-0.004729255580985456
14.37	-0.014653445122028277
14.38	-0.024603561895393228
14.39	-0.034525358964202835
14.4	-0.044364997362177416
14.41	-0.05406941469123913
14.42	-0.06358668770111439
14.43	-0.07286638165274262
14.440000000000001	-0.08185988028927926
14.450000000000001	-0.09052069161347248
14.46	-0.09880472626425636
14.47	-0.10667054694538794
14.48	-0.11407958892946875
14.49	-0.12099635299646985
14.5	-0.127388573145831
14.51	-0.133227361961039
14.520000000000001	-0.1384873365626421
14.530000000000001	-0.14314672766795267
14.540000000000001	-0.147187473436127
14.55	-0.15059529861464602
14.56	-0.15335977814874563
14.57	-0.15547438302435737
14.58	-0.1569365048506426
14.59	-0.15774745470648965
14.600000000000001	-0.15791243121133433
14.610000000000001	-0.15744045273337937
14.620000000000001	-0.15634424917243914
14.63	-0.1546401098520989
14.64	-0.1523476856761495
14.65	-0.14948974574502558
14.66	-0.1460918909450114
14.67	-0.14218222944005315
14.68	-0.13779102132078197
14.690000000000001	-0.13295030170417788
14.700000000000001	-0.12769349315487574
14.71	-0.12205501926937037
14.72	-0.11606993152871647
14.73	-0.10977356103717112
14.74	-0.10320120553658868
14.750000000000002	-0.0963878601897075
14.760000000000002	-0.08936799818353079
14.770000000000001	-0.08217540438291751
14.780000000000001	-0.07484306225981317
14.790000000000001	-0.06740309134481912
14.8	-0.0598867297009338
14.81	-0.05232435359042163
14.82	-0.04474552474775865
14.830000000000002	-0.037179054591026564
14.840000000000002	-0.029653074355313395
14.850000000000001	-0.022195100513203087
14.860000000000001	-0.014832085904533387
14.870000000000001	-0.0075904486272237864
14.88	-0.0004960728037781553
14.89	0.006425722331151254
14.9	0.013150246153092598
14.910000000000002	0.01965353196614543
14.920000000000002	0.025912460591490258
14.930000000000001	0.03190490714685121
14.940000000000001	0.03760990463198942
14.950000000000001	0.0430078171252985
14.96	0.0480805150876463
14.97	0.05281154543012635
14.98	0.05718628956570165
14.99	0.06119210354412992
15.000000000000002	0.06481843546116128